!----------------------------------------------------------------
!Trucks: (total #, capacity, cost per distance, fixcost)
5,521,1,0
!----------------------------------------------------------------
!CityFreighters: (max cf/sat, total #, cap, cost/dist, fixcost)
30,30,70,1,0
!----------------------------------------------------------------
!Stores: (first: depot x,y; then: satellites x,y)
67,66   13,11   37,19   1,24   20,2   19,39
!----------------------------------------------------------------
!Customers: (x,y,demand)
10,4,15   1,3,16   4,18,17   17,9,16   3,10,14   21,20,18   17,20,16   3,21,12   25,1,20   15,8,15   2,20,17   19,8,12   17,6,18   3,2,14   12,6,16   9,2,13   7,9,19   2,18,13   1,9,18   12,18,20   6,12,15   19,8,20   4,12,11   9,7,19   20,19,17   9,7,16   12,15,11   25,13,20   25,20,12   20,8,15   15,43,20   16,45,12   8,35,19   14,45,14   7,46,13   25,35,15   5,45,20   17,30,11   2,45,11   21,44,20   14,44,12   19,38,16   6,44,11   14,43,13   21,34,18   4,42,11   12,38,16   2,40,11   17,46,16   11,32,14   25,40,19   15,44,16   4,45,16   18,46,11   10,48,17   20,46,20   23,49,17   9,32,12   8,36,19   17,47,19   36,33,13   36,12,15   34,13,19   31,31,18   35,11,11   49,25,15   49,29,12   38,36,13   34,14,14   34,26,18   42,32,17   31,34,19   36,12,18   27,12,16   30,18,12   38,16,18   50,12,19   32,18,16   50,27,18   40,22,11   39,36,11   40,27,11   37,27,12   42,11,15   26,22,19   33,19,14   49,22,11   49,28,20   44,23,14   27,37,18   49,29,16   47,21,16   45,28,14   38,35,16   43,17,17   33,20,19   34,12,17   31,13,20   33,15,19   46,16,17

