!----------------------------------------------------------------
!Trucks: (total #, capacity, cost per distance, fixcost)
5,1033,1,0
!----------------------------------------------------------------
!CityFreighters: (max cf/sat, total #, cap, cost/dist, fixcost)
62,62,70,1,0
!----------------------------------------------------------------
!Stores: (first: depot x,y; then: satellites x,y)
67,67   9,36   39,46   46,20   42,8   41,3   47,6   33,37   25,24   10,2   12,46
!----------------------------------------------------------------
!Customers: (x,y,demand)
18,4,16   49,45,16   14,4,11   25,17,15   10,1,14   10,28,12   50,12,19   46,49,13   42,16,18   39,50,17   11,23,19   50,12,14   32,12,11   43,50,20   10,8,15   49,37,12   23,8,16   18,28,19   35,42,15   6,39,11   5,12,12   50,48,14   39,36,12   22,3,14   20,14,13   41,47,10   8,36,20   3,23,11   44,24,20   26,4,19   9,20,14   18,41,13   5,34,13   12,13,16   25,3,20   28,3,20   28,22,17   2,10,20   18,1,18   50,17,13   16,17,19   48,8,11   17,47,15   4,12,16   7,21,19   43,43,12   50,16,14   40,11,18   16,37,14   30,16,13   49,7,16   46,6,13   8,3,12   8,2,20   32,28,18   35,39,20   48,31,16   8,6,20   32,39,17   18,45,20   41,2,18   7,36,16   36,6,13   5,40,17   42,23,18   15,16,16   27,49,14   38,28,20   7,32,14   4,26,18   39,11,12   4,5,12   20,13,20   12,29,17   3,21,15   33,23,16   1,19,18   28,17,16   26,22,18   23,9,11   2,50,19   7,8,14   42,1,20   49,44,17   22,35,12   23,49,12   1,22,19   50,41,16   15,21,18   48,27,12   42,27,20   4,38,16   24,24,16   10,36,15   37,26,18   24,38,12   46,27,13   40,50,15   30,11,12   46,14,11   29,40,13   42,1,19   39,12,15   41,13,18   50,16,16   47,15,14   13,19,12   9,22,17   28,21,11   5,5,14   45,5,17   10,38,18   8,14,17   46,14,16   37,4,18   18,39,17   39,27,16   33,27,11   34,5,14   12,24,17   27,8,16   38,24,16   42,36,11   46,45,16   16,16,17   6,50,19   32,22,20   2,6,20   5,25,20   49,37,14   18,33,17   21,9,14   48,29,14   14,35,12   20,3,20   19,18,14   28,12,16   43,45,15   11,43,20   32,16,17   22,17,18   6,11,14   39,17,20   42,30,18   36,22,13   20,19,17   33,25,11   34,2,11   29,27,13   49,48,16   44,35,19   41,26,18   20,41,16   31,37,18   11,31,18   6,33,19   16,31,14   39,44,11   14,9,14   40,37,17   34,22,16   26,23,16   2,35,18   5,36,14   45,7,12   47,3,16   7,6,17   22,20,17   50,13,15   15,21,14   40,18,16   25,33,20   48,20,20   36,17,12   15,39,11   31,43,11   14,41,12   26,30,16   2,44,12   2,19,12   35,5,12   11,50,13   20,47,16   32,11,14   2,44,13   6,33,14   4,48,14   19,43,12   50,46,19   26,14,20   4,28,13   16,3,16   24,49,12   29,31,17   17,11,12   14,44,13   25,8,16   40,4,17   1,18,11   7,47,13

