!----------------------------------------------------------------
!Trucks: (total #, capacity, cost per distance, fixcost)
5,514,1,0
!----------------------------------------------------------------
!CityFreighters: (max cf/sat, total #, cap, cost/dist, fixcost)
32,32,70,1,0
!----------------------------------------------------------------
!Stores: (first: depot x,y; then: satellites x,y)
67,66   13,47   14,2   43,14   23,46   17,33   23,8   13,4   19,27   24,40   27,15
!----------------------------------------------------------------
!Customers: (x,y,demand)
9,5,12   3,17,16   17,14,17   12,21,19   14,4,20   4,10,11   12,11,11   7,14,11   12,19,13   2,11,19   15,20,12   8,13,18   9,15,14   4,12,16   5,21,19   19,3,20   14,10,15   12,4,18   11,11,14   2,12,19   9,15,14   24,10,16   13,21,19   16,16,16   16,1,13   14,10,18   6,17,15   14,10,19   21,13,11   16,4,13   2,38,18   11,47,16   1,44,13   10,36,19   12,47,14   17,36,15   3,40,14   12,38,17   20,33,15   6,32,17   1,47,15   15,42,16   23,36,11   7,40,19   8,34,17   13,38,16   12,42,12   7,44,20   13,30,15   21,44,18   20,47,16   18,30,13   24,40,18   5,37,17   10,36,16   16,36,17   12,37,15   10,49,16   23,49,12   11,38,13   36,11,15   47,22,12   28,25,13   44,24,13   44,24,18   50,34,17   48,16,17   39,11,15   49,29,15   43,29,16   46,40,20   30,25,12   41,28,15   32,31,13   27,24,12   42,18,14   46,19,17   26,24,16   32,23,14   28,30,17   37,37,15   36,22,18   48,38,13   31,22,13   33,27,13   26,27,18   29,19,16   26,23,18   34,21,12   47,12,13   43,17,15   36,39,14   29,18,16   39,12,16   46,14,18   34,24,11   40,14,14   47,21,19   33,27,11   41,33,18

