!----------------------------------------------------------------
!Trucks: (total #, capacity, cost per distance, fixcost)
5,520,1,0
!----------------------------------------------------------------
!CityFreighters: (max cf/sat, total #, cap, cost/dist, fixcost)
15,15,150,1,0
!----------------------------------------------------------------
!Stores: (first: depot x,y; then: satellites x,y)
67,66   2,19   37,22   32,42   3,40   11,12
!----------------------------------------------------------------
!Customers: (x,y,demand)
12,5,11   20,17,16   7,16,18   18,9,18   21,3,19   18,21,11   4,18,12   14,3,13   3,9,14   2,6,18   8,20,17   21,28,17   20,5,13   13,3,17   15,9,17   18,10,13   20,8,17   14,24,15   4,9,20   17,9,11   15,2,16   19,4,18   15,11,14   4,3,18   21,5,15   19,3,14   6,13,20   17,28,20   17,7,17   22,17,15   5,14,19   17,1,17   18,13,14   4,21,17   8,10,13   7,5,19   10,24,15   10,9,14   6,21,11   5,4,15   8,19,19   9,14,14   14,6,17   12,28,11   24,8,12   25,20,16   10,14,11   26,4,13   25,22,20   26,14,12   38,43,12   37,30,18   37,48,12   34,39,11   35,49,20   50,32,17   39,27,19   27,25,16   36,43,18   32,25,14   37,42,18   46,41,18   32,44,14   41,24,11   44,48,13   27,30,18   34,46,13   36,34,17   39,41,16   25,31,17   33,41,20   29,32,17   50,44,11   47,37,16   27,24,13   34,45,17   44,42,13   28,47,19   30,24,14   43,39,20   41,35,18   27,31,13   36,32,20   35,24,20   40,27,20   30,44,15   30,41,11   35,30,19   32,35,11   28,40,16   34,34,19   25,36,11   35,32,18   27,43,11   30,30,15   38,30,20   41,40,16   32,47,13   27,27,11   46,25,16

