!----------------------------------------------------------------
!Trucks: (total #, capacity, cost per distance, fixcost)
5,512,1,0
!----------------------------------------------------------------
!CityFreighters: (max cf/sat, total #, cap, cost/dist, fixcost)
18,18,150,1,0
!----------------------------------------------------------------
!Stores: (first: depot x,y; then: satellites x,y)
67,67   2,45   27,37   38,16   41,10   41,40   16,11   17,12   45,45   21,32   21,47
!----------------------------------------------------------------
!Customers: (x,y,demand)
21,13,16   12,24,18   12,25,15   25,25,19   24,7,14   25,12,18   3,21,13   12,1,11   9,6,13   16,8,13   24,9,16   14,8,13   5,21,18   19,17,19   25,8,16   11,15,20   20,5,20   19,13,15   25,10,15   3,23,17   2,8,17   1,3,18   19,6,17   3,14,15   24,21,11   1,24,13   15,6,15   20,27,11   26,2,18   9,16,13   23,16,17   6,20,20   20,2,11   4,19,12   22,8,19   3,12,16   25,8,18   12,26,16   4,17,17   21,16,16   22,11,12   21,24,14   7,5,18   3,8,20   22,4,16   24,14,16   4,24,15   25,14,12   1,28,19   12,9,11   43,48,11   34,24,12   27,25,15   48,26,14   25,32,13   34,48,12   27,33,12   45,24,12   45,26,12   28,44,13   38,42,19   42,26,14   25,41,15   28,33,15   36,33,14   38,28,16   39,45,13   42,31,11   43,28,19   29,43,20   29,26,19   29,42,19   38,34,18   46,28,11   30,24,18   50,30,13   44,26,19   45,49,16   49,43,19   50,27,11   43,33,11   29,49,15   40,37,15   36,31,16   46,45,17   49,46,11   45,41,13   28,36,17   43,50,20   45,48,17   48,27,18   33,24,20   48,33,20   39,38,18   45,49,13   27,26,20   33,44,14   33,29,11   32,46,12   40,35,11

