!----------------------------------------------------------------
!Trucks: (total #, capacity, cost per distance, fixcost)
5,537,1,0
!----------------------------------------------------------------
!CityFreighters: (max cf/sat, total #, cap, cost/dist, fixcost)
35,35,70,1,0
!----------------------------------------------------------------
!Stores: (first: depot x,y; then: satellites x,y)
67,67   2,10   18,44   49,8   24,29   18,24   14,12   4,39   32,30   7,29   40,48
!----------------------------------------------------------------
!Customers: (x,y,demand)
12,38,14   32,17,19   29,12,16   25,20,18   2,30,16   31,46,14   5,13,18   13,36,12   38,6,14   29,11,20   38,47,19   9,47,20   11,18,19   17,31,18   19,6,19   12,7,18   5,14,20   40,36,20   9,45,19   24,43,15   48,45,19   50,13,18   8,43,12   42,23,19   43,14,20   43,6,19   49,4,11   35,41,16   31,42,20   19,24,17   26,29,15   43,47,19   37,36,19   30,3,11   8,34,20   18,40,12   40,10,14   4,27,19   24,26,12   41,17,20   36,22,12   6,6,20   39,40,15   18,29,16   20,3,13   27,3,15   8,26,18   13,37,19   9,6,12   3,28,19   5,50,18   5,28,20   40,5,13   16,28,17   46,41,17   36,46,11   50,47,16   29,41,16   31,2,17   30,11,16   44,17,18   1,3,16   25,26,18   49,11,19   34,6,18   30,12,17   15,17,16   30,40,13   16,35,16   31,42,15   4,17,11   3,50,15   25,33,13   43,30,16   30,38,18   37,49,15   26,30,11   21,47,14   22,8,12   22,17,16   29,43,17   3,42,17   33,8,12   31,20,14   44,32,14   14,39,15   6,35,19   9,34,16   7,1,19   49,32,12   22,1,16   50,21,11   45,11,11   36,45,14   25,4,17   50,18,15   21,50,17   32,49,20   38,1,15   43,28,12

