!----------------------------------------------------------------
!Trucks: (total #, capacity, cost per distance, fixcost)
5,1026,1,0
!----------------------------------------------------------------
!CityFreighters: (max cf/sat, total #, cap, cost/dist, fixcost)
30,30,150,1,0
!----------------------------------------------------------------
!Stores: (first: depot x,y; then: satellites x,y)
67,67   14,28   29,35   1,28   12,30   43,34   14,26   30,43   7,32   4,28   6,34
!----------------------------------------------------------------
!Customers: (x,y,demand)
7,11,11   18,14,11   24,15,13   5,5,20   4,11,16   2,18,12   11,8,11   12,3,19   21,19,12   14,9,18   25,17,12   25,16,15   11,19,19   12,4,15   21,16,15   12,2,18   23,17,19   20,18,12   18,20,19   20,7,11   8,6,18   5,8,16   9,18,13   20,2,20   12,3,13   22,17,15   12,8,16   3,16,18   12,6,16   24,1,14   16,18,11   4,12,14   13,15,11   16,13,18   9,2,11   2,7,15   17,11,17   16,16,14   6,11,20   7,14,17   1,5,17   17,12,18   8,11,17   12,4,11   19,3,13   7,6,18   13,18,11   7,17,19   8,17,20   8,14,16   7,5,19   21,2,15   21,14,13   7,10,16   25,18,16   14,5,20   21,13,13   22,5,15   6,8,16   19,2,20   11,5,17   14,16,14   7,18,11   25,16,13   15,9,14   14,38,15   12,41,11   20,47,16   14,43,11   13,46,15   6,38,15   4,35,14   6,35,13   20,30,14   14,34,11   18,45,20   22,45,13   9,31,14   6,48,19   8,42,16   23,34,12   8,50,16   15,37,17   13,30,14   20,31,20   2,43,14   3,48,16   14,47,12   21,45,13   5,31,15   7,34,13   20,46,14   15,40,14   17,42,12   11,32,18   2,30,12   23,40,20   1,39,15   1,47,19   14,37,18   14,48,20   3,47,19   14,48,19   3,50,15   9,50,15   4,35,16   3,43,12   14,31,17   5,45,16   20,42,19   16,44,16   4,44,13   11,31,18   14,40,19   19,35,20   7,46,19   3,44,12   5,30,19   1,50,14   2,33,18   19,43,15   6,34,12   8,47,17   7,44,15   12,36,13   12,49,13   5,45,16   7,46,18   10,36,14   3,43,17   35,39,18   26,31,15   47,28,11   32,24,11   45,40,16   42,16,13   50,36,11   34,22,19   48,13,16   32,16,19   37,29,15   49,24,11   27,26,20   50,30,19   49,11,13   34,18,19   32,18,17   26,28,19   33,16,13   43,21,16   42,26,16   47,40,17   34,15,15   48,38,11   38,32,18   44,15,11   31,25,16   44,29,18   49,17,17   48,39,13   34,29,13   33,23,18   34,27,17   36,21,12   29,30,13   33,27,12   28,23,19   45,38,12   29,32,15   40,36,16   35,16,15   44,30,12   27,22,15   47,33,11   30,15,20   36,29,17   28,13,19   37,40,16   31,17,16   32,13,13   32,31,17   32,35,18   33,23,18   30,27,14   49,20,14   40,38,13   38,36,11   33,38,17   35,18,18   43,39,18   44,29,18   48,36,13   44,35,20   42,29,16   30,32,12   36,17,14   41,24,12   28,28,13   27,21,18   50,32,15

