    -7   -18   166   186    10    10
     2    -4    29    49    10    10
    -5     0   179   199    10    10
    -5    27   121   141    10    10
    20   -22   218   238    10    10
     5    -8   209   229    10    10
     0    -3    39    59    20    10
    17   -19   188   208    10    10
     1    -1   138   158    20    10
     4    16   192   212    20    10
    15   -14   139   159    20    10
     4    15    95   115    20    10
    21    -9   249   269    20    10
     7    18   166   186    20    10
     0    -3    26    46    20    10
   -11   -10   233   253    20    10
     2    -2   228   248    10    10
    -1   -25   252   272    20    10
    -8    -7    56    76    10    10
     1    -2   104   124    20    10
    24     0   106   126    20    10
    11     3    68    88    10    10
     0    -2   246   266    10    10
   -23   -13    51    71    20    10
     1    -2    76    96    10    10
     5    -6   212   232    20    10
     2    -3    75    95    20    10
     6   -18   100   120    10    10
    -2     4    54    74    20    10
    25     1   150   170    10    10
    21     7    10
   -23    -7    10
     2   -24    10
    -4    39     0
    11   -29     0
    