     4    10    54    74    20    10
   -22    -3    90   110    20    10
    -7    -8    78    98    20    10
    -1    -7   236   256    20    10
    -8    12    30    50    20    10
   -14     9   220   240    20    10
    -1     1   232   252    20    10
    -8    18   133   153    10    10
    -4    -6   243   263    20    10
    -2    26    92   112    10    10
     7    -2   193   213    10    10
     0     2    59    79    10    10
   -28     1   152   172    20    10
     6    -1    84   104    10    10
    10   -19   180   200    10    10
    20     7    10
   -12    17    10
    25    -1    10
     2    33     0
   -35   -18     0
    
