    -6    12   243   263    10    10
   -17   -24   151   171    20    10
    20     5   110   130    10    10
     8     4   146   166    20    10
     0     3   136   156    20    10
    -1     7   127   147    20    10
     1    11    85   105    10    10
   -12    -2   183   203    10    10
    21    11   207   227    20    10
    11   -14   230   250    20    10
   -12    18    98   118    10    10
   -13    21   116   136    20    10
    -8    -5   155   175    10    10
     5     0   123   143    10    10
     1    10   223   243    10    10
    -4    12   113   133    10    10
    13    13   203   223    10    10
    -1    15   170   190    20    10
   -17    -8   215   235    10    10
    25    -4   136   156    20    10
    13     2   156   176    20    10
     2    -7    81   101    20    10
     1    24   226   246    20    10
     3     3   167   187    10    10
    25    16   204   224    10    10
   -17   -18   139   159    20    10
     4    -9   141   161    20    10
     7    13   163   183    20    10
    20     0   124   144    20    10
     2     3   228   248    10    10
    20    -6   210   230    20    10
   -22   -18   197   217    20    10
     1   -23   244   264    10    10
    -4    -3   252   272    10    10
     2    -2    51    71    10    10
    -1     0    78    98    10    10
     2     2    68    88    10    10
   -25    14    34    54    20    10
    -2    -4   151   171    20    10
     1   -13   124   144    20    10
    20     5   110   130    20    10
    -1   -25   128   148    10    10
    16     3    62    82    20    10
    14   -17   211   231    20    10
    13    11   191   211    10    10
     6   -14   182   202    10    10
   -14    16    48    68    10    10
     4     0   218   238    10    10
     9     0   222   242    20    10
   -17     4   142   162    10    10
   -15     9   157   177    10    10
    -1    -1   185   205    10    10
    15   -18    94   114    10    10
    -5     0   208   228    20    10
    -4    -5    90   110    20    10
    22    12   188   208    10    10
    13   -24   123   143    20    10
    18    15    26    46    10    10
    -8   -12   109   129    10    10
   -10    -8   165   185    20    10
    -6     5   138   158    20    10
   -23    10   232   252    10    10
    -4   -24    96   116    10    10
     1     5   184   204    10    10
    15   -17    76    96    10    10
    10    -9   115   135    20    10
    22    13   129   149    10    10
     7   -10   179   199    10    10
     7   -10   174   194    10    10
    -1    -1    35    55    20    10
    -2     0   169   189    10    10
     3    -1   124   144    20    10
   -21   -15    38    58    10    10
     3    -2   192   212    10    10
   -11   -13    69    89    10    10
    13   -14   163   183    20    10
   -10    -2   184   204    20    10
    -1   -26    73    93    10    10
   -22    -1   131   151    10    10
    -2    14   215   235    20    10
    -1    -1    59    79    20    10
    17    21   254   274    20    10
    23   -14    65    85    10    10
   -20   -14   250   270    20    10
     2    -2   209   229    10    10
   -24   -15    75    95    10    10
     0     0   175   195    10    10
    -9    -1    44    64    20    10
     0    -1   210   230    10    10
   -15    -1    75    95    10    10
     8    10   227   247    10    10
    -9    19    89   109    20    10
   -16    -1    31    51    10    10
    -4   -16    52    72    20    10
   -11     2    68    88    20    10
   -17     9    57    77    20    10
     4    -7    27    47    10    10
     1    -6   211   231    20    10
     9    28    80   100    20    10
     0    -6    97   117    20    10
    21     3    10
   -23     5    10
   -14   -18    10
    19   -15    10
    28    24     0
    12    33     0
   -23    29     0
   -34    -3     0
    13   -28     0
    24   -24     0
