    13   -19    92   112    20    10
    -4   -19   110   130    20    10
    -7     6   220   240    10    10
    10    -8    54    74    20    10
     9   -14    50    70    10    10
    -4     8    83   103    10    10
    -3    -6   181   201    20    10
     4     1   117   137    10    10
    -5    11    24    44    20    10
   -14    12   139   159    10    10
    -6    14    45    65    20    10
     3    -3   183   203    20    10
     6    20   114   134    20    10
    -7    -1    47    67    20    10
    15    -7   211   231    20    10
   -15   -23   157   177    10    10
     0    -1   128   148    20    10
   -19   -17   221   241    10    10
     4   -26    83   103    10    10
    -7    -5   251   271    20    10
     0     0    97   117    20    10
   -21    17    84   104    10    10
    20    11    35    55    20    10
    -8     2    70    90    20    10
    -8    24    89   109    20    10
     0    -9    31    51    10    10
    -1     0   257   277    10    10
    15    -8    93   113    20    10
    -2     0   249   269    10    10
     0     3    39    59    20    10
    -3   -20    79    99    20    10
    13     3    45    65    20    10
     1    -8   123   143    20    10
    -3    -1   188   208    20    10
   -16    -2   177   197    10    10
    -5    -6   134   154    20    10
   -17   -13   148   168    10    10
     5   -20   229   249    10    10
   -26   -13   219   239    20    10
     4    -6   142   162    10    10
    -3    -2   252   272    20    10
     8     8   105   125    10    10
    -1   -21   105   125    10    10
    -4     3   186   206    20    10
     0    -7   142   162    10    10
    16     9   239   259    20    10
    -6     0   260   280    10    10
     0     2    46    66    20    10
    14   -12    68    88    10    10
    11     1   139   159    10    10
   -16    12   230   250    20    10
     4   -24   170   190    10    10
     4     4   148   168    20    10
   -23   -14   122   142    10    10
   -18     1   174   194    10    10
   -27     4    35    55    10    10
    -2     3   172   192    20    10
     7     8   159   179    10    10
     4   -13   188   208    20    10
     1     5   116   136    20    10
   -12    -3   129   149    20    10
     8    16   161   181    10    10
    -3   -10   105   125    10    10
    -1    -9   251   271    10    10
    -9    13   252   272    10    10
     6   -22    22    42    20    10
   -23    11    27    47    20    10
    23     9   163   183    10    10
    -4     2   100   120    10    10
    23    16   146   166    20    10
   -13     7   123   143    10    10
    12     0   229   249    20    10
    21   -17    47    67    20    10
     0     0    53    73    20    10
    11   -12   201   221    20    10
   -27    -7    79    99    20    10
    14   -24   123   143    20    10
     5     0    98   118    10    10
    21     9   228   248    20    10
     0    27    90   110    10    10
   -14   -16    64    84    10    10
    13   -15    85   105    20    10
    22   -19   135   155    10    10
     1    -8   221   241    10    10
   -19    -1    70    90    20    10
    13   -11    25    45    20    10
     7    24   107   127    10    10
     0     3    65    85    10    10
    15   -17   138   158    20    10
     7    -8   183   203    20    10
    -8    11   142   162    20    10
     1    -5    92   112    20    10
     4   -13   100   120    20    10
     4    18   164   184    20    10
    -4    -1    99   119    20    10
     3   -25   253   273    20    10
    -4     0   153   173    10    10
   -23    -1   157   177    20    10
    -1     3   223   243    10    10
   -16     3    27    47    20    10
     2    24    10
   -20    12    10
    21   -10    10
     8    29     0
    29    -8     0
