   -15   -16   218   238    20    10
    23   -18   202   222    10    10
    -5   -13   156   176    10    10
     8   -10   172   192    10    10
     0     2   239   259    20    10
   -20   -16   200   220    20    10
     5     2   140   160    20    10
     0    -5   179   199    10    10
   -14     1   211   231    10    10
     8   -19   126   146    10    10
    -9    -7   202   222    20    10
    18    10   174   194    10    10
     8    17   151   171    20    10
     1     2    83   103    10    10
    -2     1    95   115    10    10
    -2     1   220   240    20    10
    -9    -2    26    46    20    10
     3     4   147   167    20    10
    14    13   112   132    20    10
    -9   -20   105   125    10    10
   -11    21   210   230    20    10
     2     4   114   134    10    10
     3    -2   111   131    20    10
    -9    19    48    68    10    10
     9     1    41    61    20    10
     7   -18   204   224    20    10
    12   -20   221   241    20    10
    -5    -3   205   225    20    10
    14     3   196   216    10    10
     0     0    85   105    20    10
    13    -2   105   125    20    10
    -1    -1   175   195    10    10
    15   -16    41    61    20    10
     3     2    61    81    20    10
   -27   -14   147   167    10    10
    -1    -2   181   201    20    10
   -12    18   253   273    20    10
    -7    10    93   113    20    10
    -6    23   237   257    20    10
    -9    15   100   120    10    10
    -2   -26   170   190    20    10
     5   -18    26    46    20    10
    -2     3   233   253    10    10
    -2   -22   162   182    10    10
    21     1   169   189    20    10
    -1    -1    57    77    10    10
    -5   -17   191   211    20    10
    -3    -2   221   241    10    10
     8    -1   219   239    10    10
     1     1   232   252    10    10
    21     9    10
   -14    17    10
   -20    -3    10
     7   -23    10
    19   -14    10
     5    33     0
   -34     8     0
    27   -26     0
