     3    -2    55    75    20    10
    -3   -17    69    89    10    10
     5     2   193   213    20    10
   -10     2    95   115    20    10
    -1    -1   129   149    20    10
    -9    21    75    95    10    10
    -7     0   205   225    20    10
     2     4   156   176    10    10
    25   -10   216   236    10    10
   -18   -20   126   146    20    10
     6   -18   157   177    20    10
    -8    12   132   152    10    10
   -24    14    88   108    10    10
    -4    -1    48    68    10    10
    -6    13    71    91    10    10
    15    16    10
   -14    16    10
   -23    -1    10
    15   -18    10
    31     9     0
   -16    32     0
   -37     2     0
   -33    -4     0
   -13   -32     0
    27   -28     0
