    16    18    46    66    10    10
    -3   -23    56    76    20    10
     8   -25   110   130    10    10
    -3     0   251   271    10    10
    29    -6   215   235    20    10
    23    10   227   247    10    10
   -11    15    95   115    10    10
   -11   -15    99   119    10    10
    10    -6   251   271    20    10
     8     2   118   138    10    10
    -5     6   223   243    20    10
    20   -18   121   141    20    10
    17   -24    63    83    10    10
    17     2   256   276    20    10
   -19   -16   191   211    10    10
     5     1    98   118    10    10
    -2   -27   138   158    10    10
     2   -28   252   272    20    10
     6    -2   235   255    10    10
    10   -15   176   196    20    10
   -21    -7    21    41    10    10
   -21     9   171   191    10    10
     1     7    90   110    20    10
    12   -12    77    97    20    10
     4    21   162   182    20    10
   -21     0   212   232    10    10
     8    27   122   142    10    10
   -23     4   221   241    20    10
   -20    -8   162   182    10    10
   -10   -24   157   177    10    10
    20    13    10
    -2    20    10
   -22    -6    10
    -8   -23    10
    13   -20    10
    28    20     0
   -26   -29     0
    28   -28     0
