   -28     1   161   181    10    10
    -7    10    33    53    20    10
    11     3    58    78    10    10
    23    16    61    81    20    10
   -12     8    59    79    10    10
     1    -1    73    93    10    10
     9     9    40    60    10    10
     1     6   228   248    20    10
     0     0   198   218    20    10
    -3    -2   168   188    20    10
    28    -4   180   200    20    10
     4   -20   178   198    20    10
   -13    -7   171   191    20    10
   -13    14   182   202    10    10
    18    21   103   123    20    10
    13    19    10
     6    23    10
   -21     3    10
   -18   -16    10
    10   -21    10
   -14    32     0
   -30     7     0
    35     0     0
