     4    -5   152   172    20    10
     5     9   116   136    10    10
     5   -26    40    60    10    10
     1    17   198   218    10    10
   -26    10   159   179    20    10
    15   -15   180   200    20    10
     6   -17   124   144    10    10
   -25    -4   191   211    10    10
     7    11   108   128    10    10
   -18   -21    21    41    20    10
     7   -11    70    90    10    10
     5     0    97   117    10    10
     3    -7   197   217    10    10
    10     0    69    89    20    10
    14     6   163   183    20    10
    -2    -2    58    78    20    10
     1   -10    76    96    20    10
   -10     1   232   252    10    10
    -6    17   252   272    10    10
    23    14   165   185    10    10
    17    10    32    52    10    10
    -2   -23   122   142    20    10
     8    19   220   240    20    10
    -1    -1   208   228    20    10
     2   -16   256   276    20    10
     2    -8   241   261    10    10
    -6     6   203   223    20    10
   -14     8   136   156    20    10
     3    -1   106   126    10    10
    13    23    44    64    20    10
    -6   -29    96   116    10    10
    13    -5    46    66    20    10
    23    -4   253   273    20    10
     5     6    85   105    20    10
   -27     6    21    41    10    10
     5    -7   166   186    10    10
     2   -20    25    45    20    10
     5   -10    83   103    20    10
    -1     0    71    91    20    10
    -4    13   122   142    10    10
     0     0    34    54    10    10
   -21     0   104   124    20    10
     8    19    52    72    10    10
    11    19   118   138    20    10
    -8   -17   240   260    10    10
   -10   -24    69    89    20    10
     0     1   192   212    20    10
     7    17   207   227    20    10
    -5    -8   173   193    10    10
   -18    21   220   240    10    10
    19    12    10
    -1    23    10
   -24    -6    10
    12   -16    10
    29    16     0
    -8    33     0
   -26    29     0
   -35    -6     0
    -3   -38     0
    28   -11     0
