    12    27    69    89    20    10
   -14     3    51    71    20    10
    -1    -1   171   191    10    10
    -9    -9    76    96    20    10
    10    -4   194   214    10    10
     6   -24   155   175    10    10
     2    -3   202   222    20    10
   -17   -15   166   186    20    10
    -2    29   215   235    20    10
   -19   -13   152   172    10    10
    -2    21   257   277    10    10
    -2    15   189   209    10    10
    -6     9   113   133    10    10
    26     5   115   135    10    10
     6    13   255   275    20    10
     0     0   131   151    20    10
    26    12   174   194    20    10
    -1     2   198   218    20    10
    11   -23   232   252    10    10
     2     0    95   115    10    10
   -14    20    37    57    10    10
    -3     2    95   115    20    10
    -9   -17    78    98    20    10
    16   -20   159   179    20    10
    -6    -6   196   216    10    10
    12     1   139   159    10    10
    27    -6    69    89    10    10
     1   -12   193   213    20    10
    -2    21   233   253    20    10
   -15     9   194   214    10    10
    12     9    29    49    10    10
   -10    -8   101   121    20    10
     3     1   242   262    20    10
    -2    -9   178   198    20    10
    20     9   249   269    20    10
    15   -23    34    54    20    10
   -24    -9   163   183    10    10
   -15    21    68    88    10    10
     6    -4    89   109    10    10
    25    -5    62    82    20    10
    -8   -10   155   175    10    10
   -27     3    92   112    10    10
     9    10   240   260    20    10
     0     0    49    69    20    10
    15   -23    86   106    20    10
    -4     1   167   187    10    10
     6    11    33    53    20    10
   -11    -7   204   224    10    10
     0     0    55    75    10    10
     1    28   239   259    20    10
     5   -13   102   122    20    10
     6     6   146   166    20    10
     7    -9    29    49    20    10
     2    -3   108   128    20    10
   -21   -16    72    92    10    10
   -14    -2    76    96    10    10
     7    14    34    54    20    10
     9   -17   163   183    20    10
   -12    12   176   196    20    10
     9    -5   242   262    10    10
   -15     1   186   206    10    10
    -5    -3   154   174    20    10
   -22   -11    56    76    10    10
     6    10    96   116    20    10
   -10     9    73    93    10    10
    26   -11    78    98    20    10
     4   -27    46    66    10    10
    16    22    66    86    20    10
     1   -13   129   149    20    10
    -6     0    60    80    10    10
    22    11   124   144    10    10
    -9    17   153   173    20    10
     0     1   212   232    10    10
     3     6   192   212    20    10
   -25   -10   144   164    10    10
    17    11   164   184    20    10
     2    -3   168   188    10    10
   -19     7    81   101    20    10
    -1   -20   143   163    10    10
     3    26   140   160    10    10
    11    -8   235   255    20    10
    16     1    37    57    20    10
    10    -3   237   257    10    10
   -14    12    22    42    20    10
    12     3    79    99    20    10
    18     9    55    75    20    10
    11   -14   119   139    10    10
   -18     4   231   251    10    10
   -10    16    70    90    10    10
     9   -12   188   208    10    10
     3    -8    69    89    20    10
    15     9    36    56    20    10
     9   -23   227   247    10    10
    24    -5   165   185    10    10
    -1     2   118   138    10    10
    21     2   211   231    20    10
     7    -8   200   220    10    10
     8    -3   152   172    10    10
    -4    -3   249   269    20    10
   -13   -11   111   131    20    10
    15    19    10
    -4    22    10
   -21    -2    10
   -13   -18    10
    24    -7    10
    10    32     0
   -34    19     0
    22   -28     0
