     6    12   178   198    10    10
    -5    11    45    65    10    10
    -3    -7    90   110    10    10
     7    -7   192   212    20    10
   -22   -19   167   187    20    10
    13   -12   196   216    10    10
    -6    -3   191   211    10    10
     1    -8   243   263    10    10
    -4     8   216   236    20    10
     0     0   254   274    10    10
   -14    23   169   189    20    10
    -7    -5    59    79    20    10
    -6    16   246   266    20    10
   -13    18   133   153    20    10
     0    -2   181   201    20    10
    -2    29   243   263    10    10
   -14    -2    31    51    10    10
    -2   -11    90   110    20    10
     2    -5    77    97    10    10
    26     8    27    47    20    10
    -8   -14    80   100    10    10
    -6    -2   170   190    20    10
    16    -5    47    67    20    10
    -1    -2    68    88    20    10
     0     5   123   143    10    10
     8     6   127   147    10    10
    -1   -16    64    84    20    10
    15    20   223   243    10    10
   -22    18   237   257    20    10
     0     0    78    98    20    10
     4    23    10
   -21     2    10
    -7   -20    10
    20   -12    10
    22    31     0
     5    31     0
   -35     8     0
   -29   -22     0
    -8   -31     0
    18   -25     0

    18   -25     0
