   -15    -8   211   231    20    10
   -21    -8   125   145    20    10
   -22    -7    89   109    10    10
     0     0   175   195    20    10
   -19     4   113   133    10    10
     0    -1    40    60    10    10
    -1    28   120   140    20    10
     9   -23   115   135    20    10
    -1    -2   164   184    20    10
    12    -9    41    61    20    10
    24    12    49    69    10    10
    -5    -5   233   253    10    10
     4     0   241   261    20    10
    -3     3   170   190    10    10
    -9     2   120   140    20    10
    -9     1   120   140    20    10
    12     0   137   157    20    10
   -18    17    50    70    10    10
    10   -19    82   102    20    10
   -17    24    99   119    10    10
   -15    17   183   203    10    10
    -5     7    87   107    10    10
     6     5   230   250    10    10
   -15    26   161   181    20    10
    -1    -6   192   212    10    10
     0    -3   171   191    10    10
   -23   -11    64    84    20    10
   -19    20   229   249    20    10
   -21    18   106   126    20    10
   -10   -11   184   204    20    10
   -25     7    79    99    20    10
     0     0    78    98    10    10
     3    -1   175   195    20    10
   -13    -2   175   195    20    10
    -6    -9   215   235    20    10
    -2    -4   112   132    20    10
     1     0   188   208    20    10
    14    -5   179   199    10    10
   -19    12   235   255    10    10
    16    17   113   133    20    10
    17   -17   171   191    10    10
    13    20   176   196    10    10
    27     0   127   147    20    10
   -27     1    50    70    20    10
     3    15   123   143    20    10
    16   -21   185   205    10    10
   -26    14    30    50    10    10
    15    23    56    76    20    10
    10   -28   259   279    20    10
    13   -19   251   271    10    10
    22     5    10
   -21     7    10
    12   -21    10
    22    29     0
   -36   -14     0
  