     11     0   123   143    10    10
    18    21    64    84    10    10
    -1    -3   138   158    10    10
   -23    -7    66    86    20    10
   -22     9   146   166    20    10
    -1    24   157   177    20    10
   -20    -3   246   266    10    10
     1    10    26    46    20    10
     6    25    59    79    20    10
    -8   -22   167   187    20    10
     2    -4    66    86    20    10
    27    10   228   248    20    10
    15    10   207   227    20    10
    -7    17   128   148    20    10
     6     3    44    64    20    10
   -14   -23   115   135    20    10
     0     0    27    47    10    10
   -29     4   237   257    10    10
    16    -3   248   268    10    10
   -19   -10   187   207    20    10
     5     1    63    83    20    10
     3   -11   241   261    20    10
    15   -18   231   251    10    10
     9    -6   182   202    10    10
    -1     0   161   181    10    10
     1    -4   259   279    10    10
    -9    -8    92   112    10    10
     1     0   145   165    10    10
   -12     0    45    65    20    10
    -8    -3   169   189    20    10
    23     6    10
    -6    21    10
   -18     8    10
   -14   -15    10
    22   -11    10
    -1    35     0
   -35    -2     0
    34   -15     0
