      1     0   195   215    10    10
    20    17    45    65    10    10
     0     3   167   187    20    10
     3    -5   142   162    20    10
   -14    19   147   167    10    10
   -15   -25   183   203    10    10
     8    -1   176   196    10    10
     3    -6   181   201    10    10
     0   -11   255   275    10    10
    -4    -1    67    87    20    10
   -15   -15    82   102    20    10
    27     6   208   228    20    10
     3     8   239   259    10    10
   -18    15    33    53    10    10
   -16   -15    44    64    10    10
     6    20    22    42    20    10
     0     0   213   233    10    10
    21     8   121   141    20    10
    -3    24   251   271    10    10
    11   -26    80   100    10    10
     7    10   194   214    10    10
    -6   -21    59    79    10    10
     2    -1   187   207    20    10
    -1    23    39    59    10    10
     4     2    90   110    20    10
    22     2   211   231    20    10
    18    -2    55    75    10    10
     6     3   184   204    20    10
     0     5   157   177    20    10
   -14    10   119   139    20    10
    -2     1    44    64    20    10
    24    13   209   229    10    10
     0     4    33    53    10    10
     2     3   167   187    20    10
     1   -28    73    93    10    10
    -4    -4   168   188    10    10
    -3    24   155   175    10    10
     1   -30   131   151    20    10
     1     2   258   278    10    10
    -3   -27   213   233    20    10
    -9    11    72    92    20    10
     7   -22   119   139    10    10
     3    -6   174   194    10    10
    -4    17   105   125    10    10
   -11   -12   101   121    10    10
   -17     4    79    99    10    10
     5     3    39    59    10    10
     0     0   155   175    20    10
   -22    10   121   141    10    10
   -13    -4    22    42    20    10
   -15    -9   225   245    10    10
     2   -18   251   271    20    10
   -28    -1    30    50    10    10
    -7   -22   250   270    10    10
    -1     0    37    57    20    10
   -25    -5    83   103    10    10
     4    27   217   237    20    10
   -21   -11   137   157    20    10
   -12   -20   101   121    20    10
     4   -23    87   107    20    10
    -1   -15   101   121    10    10
    25    13    36    56    20    10
    19   -23   188   208    10    10
   -11    -5   230   250    10    10
     6    19    41    61    10    10
   -10     1    66    86    10    10
     5    -4   159   179    20    10
     3    -1   237   257    10    10
     0     0   117   137    20    10
    -4    -7    92   112    20    10
    18   -23   191   211    10    10
     1     3    51    71    20    10
    -5    -1   119   139    20    10
    -5    16   195   215    10    10
    -6    27    40    60    20    10
    22   -16    67    87    20    10
    -1    10   246   266    20    10
    29    -2   175   195    10    10
   -11    13   228   248    20    10
     1    22   147   167    10    10
    17     7   139   159    20    10
   -22    -4   256   276    10    10
    14     8   108   128    10    10
    15    24    90   110    10    10
     3   -15    58    78    10    10
     0     0   109   129    10    10
    -2     1   247   267    10    10
   -14     0    99   119    20    10
    -7     7   153   173    20    10
     3     3    41    61    20    10
    -4   -12   252   272    20    10
     1     9    40    60    20    10
    14    14   207   227    20    10
     2     9   259   279    20    10
    -8     5   196   216    10    10
   -11   -24   155   175    10    10
     0   -24    98   118    20    10
   -25    -3   131   151    10    10
     3   -13   124   144    20    10
   -13    -9    77    97    10    10
    14    15    10
    -8    19    10
   -23     2    10
     6   -21    10
    23    -8    10
    26    15     0
   -39     2     0
    27   -14     0
