    -8   -27   210   230    20    10
     4   -24   147   167    10    10
    -4    -1   187   207    20    10
     9   -12    59    79    20    10
   -10   -15    81   101    10    10
   -14   -24    65    85    20    10
     8   -28   249   269    20    10
    19   -11   249   269    20    10
   -19   -10   237   257    20    10
     0     0   158   178    20    10
    -3     2   132   152    10    10
     1   -13   169   189    20    10
    -2    26   247   267    20    10
    24     3   250   270    10    10
     6     3   195   215    10    10
    15    14    10
   -12    17    10
   -21     7    10
     7   -20    10
    11   -20    10
    29    22     0
   -30   -17     0
    34   -11     0
