   -13    -7   178   198    10    10
    -6    -9   190   210    20    10
   -25     3    72    92    10    10
     1     0    40    60    10    10
     5   -14   152   172    20    10
    21    -4   191   211    10    10
    -5    18   223   243    10    10
     8     3   116   136    20    10
    -3    10   247   267    20    10
    -5    -3    64    84    20    10
     7    15   219   239    20    10
   -12    20   255   275    10    10
     0     4   255   275    20    10
    -1    16   181   201    10    10
     7   -25   100   120    10    10
   -21     2   240   260    20    10
    -1     0   171   191    20    10
   -11   -10    50    70    10    10
     0     0    77    97    20    10
   -22    10   105   125    20    10
     9    -2   246   266    20    10
     6   -20    44    64    10    10
    -9     0    51    71    20    10
     3    -1    74    94    10    10
    -4    -6   109   129    10    10
     9    15   143   163    20    10
    -2    -3   123   143    10    10
   -29     8   152   172    20    10
    22    18    47    67    10    10
    13     0   255   275    20    10
    19    -5   144   164    20    10
    -3     0    90   110    20    10
     7    12   157   177    10    10
     3     6   188   208    10    10
    29    -1   253   273    10    10
    -1    -6   207   227    10    10
   -10   -15   225   245    10    10
    14   -12   237   257    20    10
    24    12   222   242    20    10
     0    10   183   203    10    10
    21    19    94   114    20    10
     0    24   229   249    10    10
    26    12   254   274    20    10
    -9    -8   153   173    10    10
   -20     9    63    83    10    10
    16     7   140   160    20    10
     9     3   128   148    20    10
    -6    12   253   273    20    10
   -23    -4    83   103    20    10
    -5     0   131   151    10    10
   -11    21    10
   -13   -20    10
    15   -17    10
     3    36     0
   -33    -8     0
