      6    -8   194   214    10    10
   -11    26    83   103    20    10
    -6    20   115   135    10    10
     2    19    96   116    20    10
    -2    20    65    85    20    10
    11     2   204   224    20    10
    19    -6   135   155    10    10
     8    13   235   255    10    10
   -15    -8   162   182    10    10
    -8   -18   230   250    10    10
     4     1   243   263    20    10
   -12    -5    68    88    20    10
    -5    24    74    94    20    10
     4   -28    63    83    10    10
    -2    -5   212   232    10    10
     9    24   144   164    20    10
     2     0   240   260    20    10
   -12    19   238   258    20    10
    -2    28    61    81    10    10
     9    -6   201   221    20    10
    -6    -3   252   272    10    10
     6     6   230   250    20    10
   -28    -4    30    50    20    10
     0     0   105   125    10    10
   -27     6    37    57    20    10
    10   -27   116   136    20    10
     2   -20    91   111    10    10
    12   -16    83   103    20    10
   -12   -23    87   107    10    10
    18    15    83   103    20    10
     1     0   172   192    20    10
    13    11   220   240    10    10
     8     7   241   261    10    10
    23    12   173   193    10    10
   -18     0   140   160    20    10
    21   -10   208   228    10    10
     0   -23   151   171    20    10
    10    22    27    47    20    10
     3     8    28    48    10    10
   -14    -8    51    71    10    10
     0   -24   226   246    10    10
    -1    -1    67    87    10    10
   -11   -13   257   277    20    10
   -14   -15    51    71    20    10
    -1    -4   179   199    20    10
    -1    15    48    68    10    10
     2    -2   187   207    20    10
     7     1    69    89    20    10
    16   -17   211   231    10    10
     4    26   237   257    10    10
    16    13    10
   -17    18    10
   -23     3    10
   -12   -21    10
    12   -19    10
    12    28     0
   -28   -13     0
    -9   -36     0
