    -2    -7   156   176    10    10
   -18    -2    66    86    20    10
    16   -13    65    85    20    10
     2     7   135   155    20    10
    -7    -3   221   241    10    10
    21    13    99   119    10    10
    -3     9   192   212    20    10
     0     0   218   238    10    10
    -5     9    99   119    20    10
    12     9   139   159    10    10
    -2    16   208   228    20    10
     1    24   116   136    10    10
    -3    -2    59    79    10    10
    20     3    90   110    10    10
     4    -8   254   274    10    10
    26    -1   221   241    20    10
     5   -15   175   195    10    10
     8   -18   233   253    20    10
   -17    10    36    56    20    10
    -2    23   217   237    20    10
   -11     3    77    97    10    10
     2     4   249   269    10    10
     7     4   245   265    20    10
    25     4   260   280    10    10
     1    19   134   154    10    10
   -21   -18   164   184    20    10
    -3   -19   142   162    10    10
     3    18   241   261    20    10
     0     2   238   258    20    10
     2    -3    94   114    20    10
     5    21   188   208    10    10
     5     0   258   278    10    10
     3    13    31    51    10    10
    -9   -21   231   251    10    10
    -8    -5   101   121    20    10
     7   -23   113   133    20    10
    -3    -1    89   109    20    10
    -4    -1   106   126    20    10
    -5    15    51    71    20    10
    -3    -5    23    43    10    10
     0   -15   226   246    10    10
    -6     4   256   276    10    10
    -1     1   154   174    10    10
    -1     2   121   141    20    10
    -7     9   200   220    20    10
     9     3    49    69    10    10
   -21    14   225   245    20    10
   -14    -1   204   224    20    10
    -5    10   180   200    20    10
    -3     4    67    87    10    10
    21     7    10
   -22    12    10
    -2   -21    10
    21   -11    10
    35     4     0
    19    34     0
   -26    24     0
   -29   -22     0
     1   -34     0
    33    -3     0
