     6   -13   168   188    20    10
   -14    -1    78    98    20    10
    26     7   177   197    20    10
   -28    -4   186   206    20    10
    12   -18    83   103    20    10
     8     2   188   208    20    10
     8     3    57    77    10    10
   -13     3   112   132    20    10
   -22    12   136   156    10    10
    -9    -1   136   156    20    10
   -18     6   243   263    20    10
     4   -23   191   211    20    10
    28     1   231   251    20    10
    16    -7    67    87    20    10
     1    -5   168   188    10    10
    -8    23    10
   -23    10    10
    13   -16    10
   -34    13     0
    21   -24     0
