     9    11   114   134    20    10
    -3    11   219   239    10    10
    -7   -21   121   141    20    10
    -1     2   121   141    10    10
   -10   -13    92   112    10    10
     7     9    59    79    10    10
   -11    11   187   207    10    10
    -4   -26   177   197    20    10
    -5    -2   155   175    20    10
     9   -28   183   203    20    10
    -6   -21   249   269    10    10
     6     4   175   195    10    10
    -7     3    48    68    20    10
    -1     2   110   130    10    10
    -9   -15   249   269    10    10
     4     1    25    45    10    10
   -20     0   135   155    10    10
     5    -1    79    99    10    10
    18     2   241   261    10    10
     4   -21    32    52    10    10
     0    -1   126   146    20    10
    22    13   214   234    10    10
    -7     2   213   233    20    10
    -1     0   123   143    20    10
   -25    -7   100   120    10    10
    -3    -3   187   207    10    10
     0    -1    32    52    20    10
    -9     2    61    81    10    10
     4     0   223   243    10    10
     2     2    93   113    10    10
    -2     7   257   277    10    10
    11     6   146   166    10    10
    24    -5   124   144    20    10
     0     0   145   165    10    10
    -8    -2   190   210    20    10
    -1     9   257   277    10    10
     0    -1    80   100    10    10
     1    -2   140   160    10    10
    26   -15   160   180    20    10
   -13    -2   107   127    20    10
     1   -23   181   201    20    10
    19     8   142   162    20    10
    -2    -9    91   111    10    10
     2     9   230   250    20    10
     5    -3   108   128    20    10
    13   -26   214   234    10    10
    -2    14   127   147    20    10
   -15   -15   108   128    20    10
    -2    -2   246   266    10    10
     0    -2   178   198    10    10
     7    20   193   213    20    10
    -3    10   149   169    10    10
   -10    -1    52    72    10    10
   -10    22    95   115    10    10
   -11    -2   173   193    20    10
     5     3    82   102    20    10
     6    -6   161   181    20    10
    17   -22    51    71    10    10
    20    -6   218   238    10    10
   -26     4   247   267    20    10
    -5    -6    58    78    10    10
    16    -7   194   214    10    10
    29     1   231   251    10    10
    -5    -4   259   279    20    10
   -11   -28   220   240    20    10
   -23    12    63    83    20    10
     1     4   212   232    10    10
   -11   -15    86   106    10    10
    29    -1    56    76    10    10
     0    -4    99   119    20    10
    -1     6   252   272    10    10
     7   -15   188   208    20    10
    14   -26    75    95    20    10
    14     2    43    63    10    10
   -11    13   180   200    20    10
   -12   -23   221   241    10    10
    15    -4   104   124    20    10
    -1     4   236   256    10    10
    13    14    74    94    10    10
    -2    10   167   187    10    10
     2    -6    39    59    10    10
    -2    -3    51    71    10    10
     3     1   180   200    10    10
    -3     3    28    48    20    10
    -4    -4   257   277    10    10
    -9    -2   179   199    10    10
   -15     1   247   267    20    10
    -4    -1    26    46    20    10
     5   -21   234   254    20    10
     1    -4   128   148    10    10
    16     3   197   217    10    10
   -13     2    86   106    10    10
     5   -10   188   208    10    10
     2    -1    68    88    10    10
   -19    -4   215   235    20    10
    21    13    68    88    20    10
    -4   -21   211   231    10    10
   -14    18    35    55    10    10
    -6     6   244   264    20    10
    -1    -4   241   261    10    10
    23     2    10
    -1    21    10
   -20   -14    10
    11   -20    10
    28    22     0
   -11    30     0
   -29    23     0
   -38   -12     0
   -12   -33     0
    26   -21     0
