    -15    -4   126   146    20    10
     0    -1   173   193    20    10
   -21   -11    99   119    20    10
     3    -1    75    95    10    10
     7   -26    47    67    20    10
    21   -15   122   142    10    10
    15    -5   142   162    10    10
     9     2    66    86    20    10
     3    15   194   214    10    10
     3    26    80   100    20    10
    -4     2   110   130    10    10
    12     0   138   158    20    10
   -22    -3   238   258    20    10
     3   -17   252   272    10    10
    -1     4   176   196    20    10
    -1    -5   125   145    10    10
   -11    -7   103   123    20    10
   -10   -11   130   150    10    10
    -1   -18    98   118    10    10
   -22    15    40    60    10    10
     1     5    66    86    10    10
    -3    -2    36    56    20    10
     2    -6    40    60    20    10
    -3     4   181   201    20    10
    10   -27   142   162    20    10
     5   -22    27    47    10    10
     1    -1   197   217    10    10
    -2     0    34    54    20    10
     9    -1   195   215    20    10
   -17     2   244   264    20    10
     9    22    10
   -23     4    10
     2   -24    10
    -2    31     0
   -13   -27     0
    