     0   -19    58    78    20    10
    15   -10   152   172    10    10
   -22     2   210   230    20    10
    -8     8   236   256    10    10
     8     4   178   198    20    10
     4   -24   158   178    10    10
   -11    -9   196   216    10    10
     7    17    78    98    10    10
   -16   -16    82   102    20    10
    18   -20   224   244    20    10
    -2    -3    55    75    20    10
    16   -25   149   169    10    10
   -21    19   237   257    10    10
     1    -3    46    66    10    10
     1   -29    65    85    20    10
    -5     4    42    62    20    10
     1   -20   220   240    20    10
   -26   -11   103   123    10    10
     0     5   148   168    20    10
   -16    -5    72    92    20    10
    -6    18    22    42    10    10
     1     0    88   108    10    10
   -15    -9   211   231    10    10
     0     1   174   194    20    10
    -7     4   154   174    10    10
    -6     1   207   227    20    10
     7   -28   254   274    20    10
    -7     3   253   273    20    10
    21    -1    70    90    10    10
    10    -3    88   108    10    10
    -6    17   235   255    20    10
    -3    -9    45    65    10    10
    10    18   197   217    20    10
     4     7    84   104    20    10
   -11    -8   172   192    20    10
    25     0   188   208    10    10
    17    -6   113   133    10    10
   -15   -19   182   202    20    10
    26   -15   252   272    20    10
    -9    22   161   181    20    10
     9    -4    99   119    20    10
     0    20   100   120    20    10
     6    -5   213   233    10    10
    -8    14    72    92    20    10
     6     0    37    57    10    10
     9    -3   121   141    10    10
    -4    17   171   191    10    10
     7    19    41    61    10    10
    27    -2   241   261    10    10
   -27    12   232   252    20    10
   -13   -20   244   264    20    10
     2     2    69    89    20    10
    -8    13   119   139    20    10
    12   -14   231   251    20    10
    25    13   175   195    20    10
    22     9   138   158    20    10
     6    -7   200   220    20    10
   -23    -1    71    91    20    10
     1    -9   162   182    20    10
   -23    -6    79    99    20    10
   -21    14    74    94    10    10
   -16     4   209   229    10    10
     4   -11   239   259    20    10
     4     9   158   178    20    10
   -22     2   185   205    10    10
    -8    17    23    43    10    10
    14   -17   142   162    10    10
   -14     2   217   237    20    10
    23     5   248   268    20    10
     0     0    87   107    10    10
    10   -28   134   154    20    10
    -5     2    23    43    20    10
    20     9    80   100    10    10
     3    -5   107   127    10    10
   -22     6   150   170    20    10
    -3    10    90   110    10    10
    -5     6   181   201    10    10
   -20    17   231   251    20    10
     2    19   144   164    20    10
     2    18   106   126    10    10
    14    25   162   182    20    10
     2     1   194   214    20    10
    19   -21   188   208    20    10
     9    -1   238   258    20    10
     6    -7    48    68    20    10
    -1    29   141   161    20    10
    25    13   105   125    10    10
   -11    -8    36    56    20    10
    -6   -12   142   162    20    10
    25    12   252   272    20    10
    -1    15    49    69    10    10
    16    11   217   237    10    10
    -5     8   175   195    20    10
     6    -5   130   150    10    10
     4     7   130   150    20    10
     1     1   134   154    20    10
     4   -13   125   145    10    10
    10     5   101   121    20    10
   -11    -8    42    62    10    10
     0    -7    36    56    20    10
    -8    24    10
   -18   -11    10
    20   -12    10
    -6    34     0
   -35   -14     0
