     -1     5    64    84    20    10
    -6    -3   136   156    10    10
    -7     7   196   216    20    10
    -3    13   231   251    10    10
     5    -7   125   145    10    10
     3     5   196   216    20    10
    15    19    64    84    10    10
    -3    -1   241   261    20    10
    -6    25   125   145    20    10
    -2   -21    30    50    10    10
    -5   -10    95   115    10    10
   -22    -2   215   235    20    10
    -8   -18   201   221    10    10
   -22    19   134   154    20    10
     1     2   196   216    20    10
    -2   -18    99   119    20    10
   -17   -10   148   168    20    10
    -5    -7    84   104    10    10
    -1     3    42    62    20    10
     3   -20   116   136    10    10
    -1    10   117   137    20    10
    -4   -13   203   223    10    10
    -2   -17   260   280    10    10
    -4     2    28    48    20    10
     3    -3   128   148    20    10
    -7     0   107   127    10    10
    20    -4   256   276    20    10
    25   -16    79    99    10    10
   -19   -22    49    69    10    10
    25     0   128   148    20    10
    -2   -10   118   138    20    10
     7    -1    24    44    10    10
    15     7    65    85    10    10
    -5     5    97   117    20    10
    11     6   123   143    20    10
     2    13    69    89    10    10
    21    15   179   199    20    10
    14    16    55    75    20    10
    -9   -10   239   259    20    10
     4     5   144   164    20    10
    -8    19   200   220    20    10
    -5     6   233   253    10    10
    -1   -23   112   132    10    10
   -16     5   118   138    20    10
    20    19   210   230    10    10
     1    -1    78    98    20    10
    -2    -5   252   272    10    10
     6     9    32    52    10    10
     1    -1    62    82    20    10
   -23    -1   158   178    10    10
     7    20    10
   -14    16    10
    -7   -23    10
    21    -4    10
    34    14     0
     9    32     0
   -18    27     0
   -38    -9     0
    11   -38     0
    31   -18     0
