     1    -2   126   146    20    10
     0    -8   154   174    20    10
     4    -3   217   237    20    10
    26    12    36    56    10    10
     0    -8   101   121    20    10
    -4    -1   185   205    20    10
    10     9    50    70    10    10
    20     3   259   279    20    10
     3    24    98   118    20    10
   -16     3   195   215    10    10
    21    -2   135   155    20    10
     3   -10    57    77    10    10
     7     2    60    80    10    10
     0   -21   137   157    20    10
    28     9   199   219    10    10
    10    -5    99   119    10    10
     1    -2   110   130    20    10
     1   -12   128   148    20    10
    -5   -23   208   228    10    10
   -18   -17   141   161    10    10
     0     0   119   139    10    10
     9    -1   114   134    10    10
    12     9   222   242    20    10
   -11   -17   113   133    10    10
    -1     0   201   221    10    10
     2     0    92   112    10    10
     9    -1   198   218    10    10
    -1     1    73    93    20    10
    -1    20   196   216    10    10
   -13    10   171   191    10    10
     4   -18   234   254    10    10
   -10    -4   248   268    10    10
    -5     1    66    86    10    10
   -16   -23   220   240    20    10
    -3     1    43    63    10    10
   -12     7   184   204    20    10
    22    -3   251   271    20    10
     2     3    82   102    20    10
   -22    16    65    85    20    10
   -28     0   124   144    20    10
    15     8    58    78    20    10
    14    13    91   111    10    10
   -29    -1   138   158    10    10
    -3    -3    79    99    20    10
    -5     3    83   103    10    10
    -1     0   229   249    10    10
    29    -2    31    51    10    10
    11   -13   155   175    10    10
    18     3    33    53    20    10
    18   -23    87   107    20    10
   -14    16   188   208    20    10
   -22    15   245   265    10    10
     8    12    97   117    10    10
   -12    -3    81   101    10    10
    -5     5   253   273    20    10
    -6    -2    36    56    10    10
    -1     8   118   138    10    10
   -13    25   126   146    20    10
    29    -8   204   224    20    10
    -4    -5    48    68    20    10
    15     0   153   173    10    10
   -19    -8    43    63    10    10
     3     3   228   248    10    10
    13    -2   110   130    10    10
    26     4    35    55    10    10
    23     3    62    82    10    10
    16     1    78    98    10    10
     1   -10    67    87    10    10
    16     6    85   105    20    10
     5   -10   180   200    20    10
    -2    -2    68    88    20    10
    16     6    89   109    20    10
     1    -9   102   122    10    10
   -24    13    92   112    20    10
    28     2    97   117    10    10
    -1    -4    91   111    10    10
    -6   -15   229   249    10    10
    -8    -2   142   162    10    10
    14    -2    71    91    10    10
    -1    19   183   203    20    10
     4    23    86   106    10    10
    28     8   200   220    10    10
     7    21    38    58    20    10
     8    -4   249   269    10    10
   -18    -2    29    49    10    10
    11    -1    48    68    10    10
    15     5    41    61    10    10
    -9    -2    63    83    10    10
     0     0   199   219    20    10
   -21    11    82   102    20    10
   -14    -9   165   185    20    10
    -1     1   215   235    20    10
   -13     6   241   261    20    10
   -24     7   173   193    20    10
   -17     1    57    77    10    10
    -1     2   224   244    10    10
    -4    -5   189   209    10    10
    10     7    33    53    10    10
    22    -5    80   100    20    10
   -12    -8    90   110    10    10
    16    15    10
   -13    19    10
   -19     6    10
     0   -21    10
    22    -8    10
   -12    36     0
   -36   -16     0
    35    -2     0
