     1     0   136   156    10    10
    -3   -19   144   164    20    10
     8   -13   123   143    20    10
    -5    21    29    49    10    10
    13    -9    34    54    20    10
   -14    25   214   234    10    10
     7    25    47    67    10    10
    -8    15    46    66    10    10
     6   -18   219   239    10    10
   -16    19   216   236    20    10
   -18    17    44    64    10    10
    -5    23    83   103    20    10
   -23    12   141   161    20    10
   -20     4   230   250    10    10
    29     5    45    65    10    10
     4     2   182   202    20    10
     1     3    44    64    10    10
     3    -1   152   172    20    10
    -1    -3    82   102    10    10
    26    -5   107   127    10    10
    -4    -5    58    78    10    10
     9    12   225   245    10    10
    -9    24    91   111    20    10
    13     5   109   129    20    10
    15   -18   240   260    20    10
    22     2   118   138    10    10
   -12     4   201   221    10    10
    -2    -4   250   270    20    10
    17   -14   140   160    20    10
   -22    19   178   198    20    10
     6    -1    55    75    20    10
    13   -20   209   229    10    10
     2     6    45    65    20    10
    -2     0    29    49    20    10
    -8    17    57    77    20    10
    -6   -11    48    68    20    10
    21    20    67    87    20    10
   -17    -9    59    79    20    10
    17     5   217   237    20    10
    16   -23   254   274    20    10
     0    10   185   205    10    10
     9   -10    28    48    10    10
     4    12   194   214    10    10
    27    10   107   127    20    10
    20    -9    51    71    10    10
    -7    -1    66    86    10    10
     1   -11    64    84    10    10
    -7     5   123   143    20    10
    -7   -11   235   255    20    10
    -1   -11   247   267    20    10
     8     7   123   143    20    10
    15   -18   181   201    10    10
    -6    -3   110   130    10    10
   -11    11   146   166    20    10
   -20     7   213   233    10    10
    -5   -25    46    66    10    10
     0    -3    57    77    20    10
    -1    11    88   108    10    10
     4    23   245   265    10    10
    10     0   135   155    10    10
    23   -16    72    92    20    10
    -1    -9   233   253    20    10
   -17   -10   248   268    20    10
     3    -2   121   141    10    10
    -6     0    46    66    20    10
     3    -1   140   160    20    10
    10   -23   170   190    20    10
    -2    22   179   199    20    10
   -20     4    55    75    10    10
   -16    -4   252   272    10    10
     0    -1   165   185    10    10
     6    -2    72    92    20    10
    -1     0   162   182    10    10
     0    -7    22    42    10    10
   -10    16   156   176    20    10
   -12    14   155   175    10    10
   -17     8   224   244    20    10
     3     5   116   136    10    10
     6   -15   125   145    10    10
     4   -26   217   237    10    10
     4    -3   175   195    10    10
    16    -8    61    81    20    10
   -20    19   151   171    20    10
     6    -6   251   271    10    10
    -8    -4    73    93    20    10
    -5     9   207   227    10    10
   -19    -9   220   240    10    10
     8     8   258   278    10    10
    -6   -12   143   163    20    10
     0     0    93   113    20    10
    -7   -10    29    49    10    10
     0    15    47    67    10    10
    -9    10   105   125    20    10
     2     5   174   194    10    10
    19    14   231   251    10    10
    -8   -14   247   267    20    10
    -1     5   175   195    10    10
   -12    -5   183   203    20    10
    17     2    77    97    10    10
    15   -13   189   209    20    10
    -6    20    10
   -22     4    10
     1   -24    10
    18    30     0
     8   -29     0
