    15    -2    38    58    10    10
    22    -8   252   272    10    10
   -14    19   158   178    20    10
   -25    -3    47    67    20    10
     0     0    57    77    10    10
    16     1   217   237    10    10
   -21    -2   251   271    20    10
     9    -4   105   125    10    10
    17     5    61    81    20    10
    -1   -11   244   264    20    10
    21     8    51    71    10    10
    13   -15   110   130    20    10
    -1     5   253   273    10    10
    -7   -29   117   137    10    10
    20    14   134   154    10    10
    -1   -24   195   215    20    10
    16   -15   131   151    20    10
   -14   -21    48    68    10    10
   -17     4    30    50    10    10
   -15    -9    40    60    10    10
   -12   -14   133   153    20    10
    -9    10   252   272    20    10
    -9   -17   142   162    10    10
    25   -14   110   130    10    10
    22    -1   118   138    20    10
   -11   -10   123   143    20    10
    11   -18    27    47    20    10
     1    -4    77    97    20    10
    19     0   193   213    10    10
     1     2   122   142    10    10
   -16   -18   223   243    10    10
   -25   -10   214   234    20    10
    11    23    71    91    20    10
   -24    -7   134   154    20    10
     3    13   197   217    20    10
    17     6   211   231    10    10
   -28    -7    47    67    20    10
     1     6    73    93    10    10
    13    21    88   108    20    10
    -4    14   229   249    20    10
   -25     4    23    43    10    10
   -12    11    71    91    20    10
    -2     1   239   259    10    10
   -25    -9   114   134    10    10
    -8   -23   159   179    20    10
     6   -11    23    43    20    10
     3     7   215   235    20    10
     0     9   117   137    20    10
     9    25    39    59    10    10
    16     8   177   197    20    10
    24    -5   162   182    10    10
    18    -9   260   280    20    10
    14    23   201   221    20    10
     8    11   103   123    20    10
   -14     9   216   236    10    10
    13    11   246   266    20    10
    18    -9   253   273    20    10
    -2    -1   152   172    10    10
     1    27    92   112    10    10
    -5     8   172   192    10    10
     7    -5    66    86    20    10
    -9     5   102   122    10    10
    -1     4    81   101    20    10
     7     1   114   134    20    10
    -6    -1   204   224    20    10
     9    -2    40    60    20    10
    -7    12    74    94    10    10
   -25     7    27    47    10    10
    10    13   147   167    20    10
     5    -4   118   138    20    10
     9     5   223   243    20    10
     0     0   199   219    10    10
     3     1    72    92    10    10
    15    19   151   171    20    10
    15     9   119   139    10    10
    -3     0   101   121    10    10
   -16    15   183   203    10    10
     6   -12   237   257    20    10
     0   -16    83   103    20    10
    -2     7   196   216    20    10
    10    -3   246   266    20    10
     4     9    27    47    10    10
     5     8   250   270    10    10
    10    11   213   233    20    10
    -6     7    26    46    20    10
   -19     1   219   239    20    10
    25    15    95   115    20    10
   -27   -13   148   168    20    10
     6   -10   171   191    20    10
    20    12    49    69    20    10
    18    -9    64    84    10    10
    -4    -4   130   150    20    10
     4     5   164   184    10    10
     6    16   145   165    20    10
   -21   -16    51    71    10    10
     0     0   129   149    10    10
    -3    -3    71    91    10    10
     9    -4   160   180    10    10
   -17    -6   219   239    20    10
     0    -2   215   235    10    10
     1    24    10
    -7    22    10
   -20    -8    10
     2   -22    10
    28    21     0
     1    39     0
   -35    16     0
   -30   -17     0
    -2   -39     0
    28   -18     0
