      6   -11   205   225    10    10
     2    -9    26    46    20    10
    -3     3   232   252    20    10
     2   -17   122   142    10    10
     4    -6    39    59    10    10
    20    21    58    78    20    10
   -13   -21   194   214    20    10
   -22     9   186   206    20    10
    -3    -8   107   127    10    10
    -4    -4   213   233    20    10
     2     4   191   211    10    10
     5   -11   198   218    10    10
    15    -6   123   143    10    10
    -7   -14    53    73    20    10
   -14    -1   193   213    20    10
   -13    12   208   228    10    10
    -2     1   202   222    10    10
     9    17    65    85    20    10
   -14     8   236   256    20    10
   -13    12   253   273    10    10
    14   -18   192   212    10    10
    25    14    28    48    20    10
     5     3   227   247    10    10
    -3     8   163   183    20    10
    26     6   192   212    10    10
     3   -14   256   276    10    10
    -2    -2   231   251    10    10
    -9    24    86   106    10    10
   -26     0   123   143    10    10
    -7    -3   201   221    10    10
    14    17    10
   -16    13    10
   -12   -19    10
    15   -15    10
    25    31     0
   -17    36     0
   -33     0     0
   -30   -22     0
   -11   -31     0
    34   -10     0
