    14     1    78    98    10    10
    -3     1   111   131    20    10
   -10    -8    75    95    20    10
    24     0    88   108    20    10
    17   -20    38    58    10    10
     0     0   133   153    20    10
   -19   -14    55    75    10    10
     3    -4   222   242    20    10
   -15    22    71    91    20    10
     0     1    79    99    10    10
   -11   -27   172   192    10    10
    -2     2   158   178    10    10
    18   -24   223   243    20    10
   -17    21    60    80    10    10
     7    27    60    80    10    10
    -1    -1   139   159    20    10
    17    -9   234   254    10    10
    -1     2    71    91    10    10
    -6    -6   202   222    20    10
    -6    -2   131   151    20    10
     9    16   177   197    10    10
    18    17   151   171    20    10
   -10     4   183   203    20    10
    25     3   229   249    20    10
     6    29   144   164    20    10
    16    10    73    93    10    10
    12    14    46    66    20    10
     1    -9   102   122    20    10
    -8   -12   173   193    20    10
     2    -3   222   242    20    10
    22     7    10
   -24     2    10
     2   -22    10
    29    18     0
    35    -4     0
   