   -20    17   178   198    10    10
     5    12   190   210    20    10
   -20   -22    72    92    10    10
     9     4    40    60    10    10
     5     5   152   172    20    10
     0     0   191   211    10    10
    14    19   223   243    10    10
    -9    25   116   136    20    10
     0    -2   247   267    20    10
     5   -27    64    84    20    10
     1    -1   219   239    20    10
    23     3   255   275    10    10
     6     3   255   275    20    10
    -5    -7   181   201    10    10
     1     1   100   120    10    10
    -1    -1   240   260    20    10
    20     8   171   191    20    10
     7   -19    50    70    10    10
    -4    -1    77    97    20    10
    19     5   105   125    20    10
    15    -5   246   266    20    10
   -13    25    44    64    10    10
   -20    -4    51    71    20    10
   -15     5    74    94    10    10
    -6   -17   109   129    10    10
     8    -8   143   163    20    10
    11    26   123   143    10    10
     6    -3   152   172    20    10
    -5   -23    47    67    10    10
    -9    10   255   275    20    10
     2    -1   144   164    20    10
     1     2    90   110    20    10
   -20    -8   157   177    10    10
   -13   -21   188   208    10    10
    21    20   253   273    10    10
     3     2   207   227    10    10
   -17   -18   225   245    10    10
     0     9   237   257    20    10
     7    -8   222   242    20    10
   -14   -23   183   203    10    10
     4    -7    94   114    20    10
    21    -9   229   249    10    10
   -14    -6   254   274    20    10
   -17     3   153   173    10    10
    -3    25    63    83    10    10
    -3     0   140   160    20    10
    -3   -13   128   148    20    10
   -22     3   253   273    20    10
    25    -3    83   103    20    10
    -1     0   131   151    10    10
    10    21    10
   -20    -6    10
    16   -15    10
    17    34     0
     6   -31     0
