     3     7   150   170    20    10
     5     3    27    47    10    10
     8    25    23    43    20    10
    -4     1   237   257    20    10
    26     9   183   203    20    10
    -6     2   176   196    20    10
   -10   -12    53    73    20    10
   -18     3   144   164    20    10
   -23    18    76    96    10    10
    21   -21   212   232    10    10
   -13   -19   226   246    10    10
     0     9   211   231    20    10
   -10    -4   152   172    10    10
   -18     8   149   169    10    10
   -27   -11   234   254    20    10
    19     3   111   131    10    10
   -24     9   201   221    20    10
   -25     9   109   129    10    10
    22    -6    96   116    10    10
    -5    -2   126   146    10    10
    24    -8   245   265    10    10
    13    -3   125   145    10    10
    13    17   209   229    10    10
   -13   -10   235   255    20    10
     0     0   103   123    20    10
     5    28   191   211    10    10
    -1    -1   186   206    10    10
     0     0   155   175    20    10
     1     0   157   177    20    10
    14     3    62    82    20    10
    20     9    10
     4    21    10
   -20     6    10
     6   -21    10
    12   -17    10
    25    28     0
   -30    17     0
     7   -29     0
