    -9   -12   250   270    20    10
    14    21    41    61    20    10
    -9   -27    31    51    10    10
    -1   -22   242   262    20    10
     0     6   216   236    10    10
    11    -6    89   109    10    10
     5    12   245   265    10    10
   -13   -24    33    53    10    10
     7    -4   185   205    20    10
   -21     5   183   203    20    10
     6   -18   128   148    10    10
    -5    -1   161   181    20    10
    16   -21   147   167    10    10
    -4    15   233   253    10    10
     2    12    77    97    10    10
     6    22    10
   -13   -17    10
    21    -2    10
    -4    33     0
    -9   -37     0
