     0   -19    82   102    10    10
   -12    -6   116   136    10    10
    -5   -18   131   151    10    10
     1    -1   186   206    20    10
     9     9    72    92    20    10
     2     1   155   175    10    10
    -1     7   246   266    20    10
    13    10   177   197    20    10
    14    -8    78    98    10    10
     3   -20    71    91    10    10
    -5    -2   139   159    10    10
     5    15   247   267    20    10
    -4   -10   142   162    10    10
    -9    10   249   269    10    10
   -18   -16    73    93    10    10
     7   -28   201   221    10    10
     0     1   140   160    20    10
     7    -6    95   115    10    10
     9   -13   255   275    20    10
    -2    12    62    82    10    10
     2     0   249   269    20    10
    -3   -16   179   199    20    10
     1     6   106   126    10    10
    13     4    47    67    20    10
    -1   -19   210   230    10    10
     0    -4    66    86    20    10
   -20    12   166   186    10    10
    -1    -1    82   102    20    10
    -1     6    37    57    10    10
    -1    -4   215   235    20    10
    13     5   156   176    10    10
     1    -2   257   277    10    10
   -14    15   236   256    20    10
     5     8    48    68    20    10
     6    -9   166   186    20    10
    14    14   101   121    20    10
     3    -1   114   134    10    10
     7    -8    92   112    10    10
     7   -21   157   177    20    10
   -17   -13   237   257    20    10
   -27    10   166   186    10    10
     6   -12    47    67    10    10
   -17    11   190   210    10    10
    -1    10   217   237    10    10
    -6   -20   133   153    10    10
   -15   -13   209   229    20    10
     4    -8   167   187    10    10
     1     5   177   197    10    10
    -2     1   195   215    10    10
   -13     6   255   275    10    10
    22     2    10
    -6    20    10
   -18    -9    10
     1   -22    10
    15   -17    10
    19    34     0
   -29     7     0
    30   -22     0
