     5    -5   183   203    20    10
   -18    19    68    88    10    10
    17    -1   257   277    10    10
   -18    -3    42    62    10    10
   -16    -7   233   253    20    10
     1    -1    47    67    10    10
     2     1   241   261    10    10
    -8   -12   171   191    10    10
    15     0   256   276    20    10
     8     2    40    60    10    10
   -17   -23    92   112    10    10
    27     8   210   230    20    10
   -12    13   141   161    10    10
     9     8   201   221    20    10
    18   -17   196   216    20    10
   -10     5   160   180    20    10
    -1    22   223   243    10    10
    19    11   133   153    20    10
     6   -11   176   196    20    10
    12    25    67    87    20    10
     4   -16    71    91    20    10
   -14    -6    79    99    20    10
    -5   -25    79    99    20    10
   -24    -2   247   267    20    10
    13   -20   147   167    20    10
     8     9   185   205    20    10
     2     2   121   141    10    10
   -17   -21    70    90    10    10
     4    23   117   137    20    10
   -23     9   244   264    10    10
     9    13   193   213    20    10
     5    -1   109   129    20    10
    19   -19    32    52    20    10
   -16     4   162   182    20    10
    -2    -2    83   103    10    10
   -14    24   200   220    10    10
    29     6    75    95    10    10
   -19   -21   182   202    10    10
     0     1   186   206    10    10
    14     8   149   169    20    10
   -20     8    67    87    10    10
    16     8   152   172    20    10
     1    -7    43    63    10    10
   -14    14   199   219    20    10
    -6    -1   167   187    20    10
    -1   -18   224   244    20    10
   -13    12   250   270    20    10
    -5    20    53    73    20    10
    -8    -4   144   164    10    10
    -2    -3   125   145    20    10
   -11    -7    43    63    10    10
     9     4    57    77    10    10
    28   -10    77    97    10    10
    19    11   102   122    20    10
    -3    -2   161   181    20    10
    -3    28   230   250    20    10
     0     0   100   120    20    10
   -14   -21   179   199    10    10
    -9     2   191   211    10    10
    26    -8   244   264    10    10
    -4    -1   152   172    10    10
    -5    -7   154   174    20    10
    -1    17   237   257    10    10
     6    -5   133   153    20    10
   -20     8   196   216    10    10
    11    13    53    73    20    10
    -2    16   178   198    20    10
    -4   -28    36    56    10    10
   -27    10   206   226    20    10
     8    12   121   141    10    10
     7    20   141   161    20    10
     2    10   181   201    10    10
    18     2   154   174    10    10
     9    -4    88   108    10    10
    -7    15   239   259    20    10
   -10    18   151   171    10    10
     1    -2   233   253    10    10
    18     2   110   130    20    10
    -2    -7    81   101    10    10
   -13    -2    73    93    20    10
     4    -6   123   143    20    10
    -7    -2    34    54    20    10
   -18    14   193   213    10    10
    20   -19   114   134    10    10
    -6   -15   174   194    20    10
    -2     3   107   127    20    10
   -20    -8    86   106    20    10
    -5    14   234   254    10    10
    -7   -19   194   214    20    10
     6    15   238   258    20    10
    -2   -13   161   181    10    10
    -1    -5   169   189    20    10
    17    16   151   171    20    10
    18    -5   226   246    20    10
    18    -7   252   272    20    10
     0     1   134   154    20    10
    -4     5   162   182    10    10
     6   -19   218   238    10    10
    22    -3    90   110    20    10
   -11    13    88   108    10    10
    23     4    10
   -19   -16    10
     6   -23    10
   -15    35     0
     1   -33     0
