    -1    -5   194   214    10    10
     0     0    50    70    20    10
    -1     0    28    48    10    10
    10    21    36    56    20    10
   -16   -12    79    99    10    10
     5    -1   173   193    10    10
     0    16    67    87    10    10
    -3    -6   239   259    10    10
    -1     0   168   188    20    10
    14    16   240   260    20    10
   -10    -6   139   159    20    10
    -2     2   144   164    10    10
     9   -11   132   152    20    10
    -3     0    26    46    20    10
     1     0   240   260    10    10
     8    19    10
    -2    20    10
   -21    -6    10
   -17   -16    10
    20   -12    10
    36    10     0
   -22   -26     0
    13   -29     0
