    21     9   178   198    10    10
     3   -25   190   210    20    10
     0    -7    72    92    10    10
    -4   -21    40    60    10    10
     1     1   152   172    20    10
    -7   -20   191   211    10    10
    10    -2   223   243    10    10
    11     8   116   136    20    10
     4    -2   247   267    20    10
   -28    -2    64    84    20    10
     3     1   219   239    20    10
     2   -13   255   275    10    10
    -8    18   255   275    20    10
    -2     2   181   201    10    10
    19    15   100   120    10    10
     7    28   240   260    20    10
   -16   -14   171   191    20    10
   -21     1    50    70    10    10
     6     8    77    97    20    10
     6    23   105   125    20    10
     4    -2   246   266    20    10
    -2    -6    44    64    10    10
     2     1    51    71    20    10
    -2    -1    74    94    10    10
     7    -2   109   129    10    10
     0     1   143   163    20    10
    28     7   123   143    10    10
    10    -1   152   172    20    10
    -9   -20    47    67    10    10
    -8     6   255   275    20    10
    -9    -1   144   164    20    10
    -4    12    90   110    20    10
    22     7   157   177    10    10
    -7    28   188   208    10    10
   -17   -17   253   273    10    10
    -5    -6   207   227    10    10
   -17   -18   225   245    10    10
   -13    11   237   257    20    10
    12     4   222   242    20    10
     2    -3   183   203    10    10
   -11    15    94   114    20    10
    -6    10   229   249    10    10
    -8    -8   254   274    20    10
    -1     6   153   173    10    10
     2     2    63    83    10    10
    -4    -3   140   160    20    10
     3     1   128   148    20    10
   -22    12   253   273    20    10
    -8    -8    83   103    20    10
     6     5   131   151    10    10
     7    19    10
   -19     7    10
    15   -16    10
     4    40     0
    33   -14     0
