    -2    -1   220   240    20    10
    14   -15   225   245    20    10
   -21    -7   252   272    10    10
   -15    -2    30    50    20    10
    -7    -4    38    58    10    10
    11    23   131   151    20    10
    -7     5   187   207    10    10
     2    -2   210   230    20    10
    -2   -19    40    60    20    10
     0     5    76    96    10    10
   -10    13   155   175    20    10
     4     2    44    64    20    10
     1     0   237   257    10    10
    12     1   149   169    20    10
     4    -2   219   239    10    10
     3    -2    79    99    10    10
   -13   -17   142   162    10    10
     6   -22    92   112    20    10
    13     6    61    81    10    10
    15    13    25    45    20    10
   -15   -24   200   220    10    10
    -6    11   241   261    10    10
   -25    10   164   184    20    10
   -26   -13   183   203    20    10
    -3    -7    89   109    10    10
    22    12    74    94    20    10
   -15    -4   121   141    10    10
    -8     7   225   245    10    10
   -18    23   151   171    10    10
    -5     4   118   138    20    10
     8    -5    54    74    10    10
    11    16   145   165    10    10
   -20    11   170   190    10    10
    -2    -2   247   267    10    10
   -12    21   127   147    10    10
    14     9   239   259    10    10
    23    -4    81   101    20    10
   -14     5   156   176    10    10
    11     0    44    64    20    10
    -1     5   133   153    20    10
    -9    -8   195   215    20    10
    15   -12    58    78    10    10
    -7   -19   238   258    10    10
     7    -9   206   226    20    10
   -10   -12   222   242    20    10
    -3    -7   196   216    10    10
     4     1   173   193    10    10
     8     6   137   157    10    10
     0     1   220   240    10    10
     0     0   101   121    20    10
    16    15    10
   -18    18    10
   -23    -8    10
   -13   -17    10
    19    -9    10
    28    17     0
   -34    21     0
    -2   -30     0
