    -1    -2   104   124    10    10
   -17    11   227   247    20    10
    -6    -2    84   104    10    10
    -5    21   197   217    20    10
    11    18    83   103    10    10
    -7     4   148   168    10    10
    -1    18   176   196    20    10
     1     3   239   259    20    10
    -1    -6   107   127    10    10
   -24    15    44    64    10    10
   -11    18    94   114    10    10
   -21    -9    40    60    20    10
     4    -3   199   219    20    10
    14    12   220   240    20    10
    -7     1    70    90    10    10
    -1    -2   212   232    20    10
     1     4   254   274    20    10
    -2     1    50    70    20    10
    11    20    36    56    10    10
   -18    10   104   124    20    10
     2   -18    67    87    10    10
    -4    27   158   178    20    10
   -11    25    87   107    20    10
    17     6    99   119    20    10
    27    -4    97   117    20    10
    12     0   166   186    20    10
    30     0   229   249    10    10
   -12   -24   221   241    20    10
     0     4    88   108    20    10
   -12    10   191   211    20    10
     3     4   148   168    10    10
    24     5    70    90    10    10
    -3    -6   100   120    10    10
    16    16    60    80    20    10
     5     6   192   212    10    10
     6    22    88   108    20    10
    -7   -18   125   145    10    10
    -7    -3   112   132    20    10
   -14   -18   207   227    20    10
    -3    29    92   112    10    10
     5   -18   183   203    20    10
   -14     6   212   232    20    10
     7    21    68    88    10    10
    21    -3    89   109    20    10
     5    24   210   230    20    10
   -14     2    96   116    20    10
    18   -13   230   250    10    10
    -4     0    34    54    10    10
    -9    -9   186   206    20    10
     8    12    98   118    20    10
    16    19   126   146    20    10
     6     1   202   222    10    10
     0    -1    50    70    10    10
    -1     1    87   107    20    10
    -1    12   186   206    10    10
   -16    -7   250   270    20    10
    -9    17    99   119    20    10
     2     1   218   238    20    10
     0     6    28    48    20    10
   -20     0   102   122    10    10
    -1    15   210   230    10    10
    12     5   145   165    20    10
    -8     4    26    46    10    10
   -10    10   244   264    20    10
     2    -3    39    59    10    10
    -5    -2    39    59    20    10
    17    19   253   273    20    10
   -16    -7   230   250    10    10
     1     5   181   201    10    10
    13    -3    70    90    10    10
    -7     3   155   175    20    10
     1     0   216   236    20    10
    13     0   243   263    20    10
    -7    -2   258   278    10    10
    -2   -28   165   185    20    10
   -12    -1   213   233    10    10
    17    14    40    60    20    10
    15     8   225   245    10    10
    -9    -7   210   230    10    10
    -2    15   208   228    10    10
   -20    18    89   109    20    10
    -5    -2    32    52    20    10
   -12    26   153   173    10    10
    -6   -18   173   193    10    10
    -1    21   199   219    10    10
    20    -8   203   223    20    10
     0     0   250   270    20    10
    -5    -2   208   228    20    10
   -21     4   239   259    20    10
    -3   -13   197   217    20    10
   -20     3   181   201    20    10
   -22    -7   108   128    10    10
     0    -9   191   211    20    10
    -3   -10   134   154    20    10
   -23    -9   259   279    20    10
     8     0   253   273    10    10
   -20    -3   230   250    20    10
   -14   -25   259   279    10    10
     1     2   250   270    10    10
   -11    -6   242   262    20    10
    18    15    10
   -15    14    10
   -19    11    10
    -8   -23    10
    21    -9    10
    14    32     0
   -19   -24     0
    -5   -30     0
