      6    17    50    70    10    10
    25     0    98   118    10    10
    21   -17    47    67    20    10
   -14    14   187   207    20    10
   -18   -15    73    93    20    10
    -3    -4   165   185    20    10
     5    25    37    57    20    10
    -6     3   147   167    10    10
     4    10    52    72    10    10
    15    12   173   193    10    10
     2     4   120   140    10    10
    -7    -1    78    98    10    10
     3    18    70    90    20    10
   -12     0   103   123    20    10
    11    15   234   254    10    10
     9    14    70    90    10    10
   -10    14   215   235    10    10
    25     4    26    46    20    10
   -11   -12    72    92    20    10
    18     2   172   192    20    10
     6   -10    83   103    10    10
     6     8    90   110    10    10
     0     1    31    51    20    10
    19    23   143   163    10    10
    -5   -21   205   225    20    10
     2   -12   259   279    10    10
    11    -7   233   253    20    10
    16    14   155   175    10    10
     7    -1   110   130    20    10
   -15     3    68    88    20    10
    21    13    10
   -19    -6    10
     0   -24    10
    25    19     0
    24   -19     0
