     -7   -11    47    67    10    10
   -19     9   228   248    20    10
     6     0    86   106    10    10
    10    -1   178   198    20    10
     0    21   172   192    20    10
     3     0   199   219    10    10
     9   -28   141   161    10    10
    -5    -6   106   126    10    10
     8    19   156   176    20    10
   -16    -8   260   280    20    10
    -5    -1    76    96    10    10
   -21   -13   168   188    10    10
     4   -13    38    58    20    10
    13     3   218   238    10    10
    20    -7   102   122    10    10
     6     5    61    81    20    10
     2    -3   138   158    20    10
     7    -7   134   154    20    10
    10   -11   223   243    20    10
     5    13    79    99    10    10
    -6    -9    80   100    10    10
   -11    13    55    75    10    10
    -4    18   222   242    10    10
    -2    -5   144   164    20    10
   -23     1   223   243    10    10
     5   -24   252   272    10    10
   -16   -17   129   149    20    10
   -16   -13    27    47    10    10
   -11     0   201   221    10    10
    -6    -2   233   253    20    10
     4    24    10
   -21    11    10
   -25    -4    10
    20    -5    10
    40     3     0
    14    30     0
   -26    16     0
   -33   -16     0
    13   -32     0
    36    -8     0
