   -12    10   168   188    10    10
   -11   -27   221   241    10    10
    18    -9   209   229    10    10
     0     0   109   129    20    10
   -10    13   131   151    10    10
   -10     6   241   261    20    10
    -9    10   134   154    10    10
     0    10   176   196    20    10
    -6    -9    56    76    10    10
    -9     8   120   140    20    10
   -23     6    64    84    20    10
   -10     4    98   118    10    10
    -1   -12    98   118    10    10
   -17   -16    35    55    10    10
     8   -16   234   254    10    10
    22     1    10
   -12    16    10
    -9   -22    10
     9   -18    10
    32    11     0
    -3    35     0
   -33     0     0
   -31    -1     0
    -9   -32     0
    25   -17     0
