     4    -5    78    98    20    10
    -1     9   180   200    20    10
    -3    -5   219   239    20    10
     3    -3    57    77    10    10
    -3    -3    22    42    10    10
   -20    10    79    99    10    10
     0     1    30    50    10    10
     0     1   235   255    10    10
    -9    -1   184   204    10    10
    20    19    31    51    10    10
    20    -4   156   176    10    10
    21    16   148   168    10    10
    -2     9    58    78    20    10
    11    20   166   186    20    10
    -7    24    83   103    20    10
   -20    -3   246   266    10    10
    -6    -7    46    66    10    10
    15    21    82   102    10    10
    -4   -20   257   277    20    10
   -17    -9   138   158    10    10
    19   -12   127   147    10    10
    14     8   147   167    20    10
    11    17    34    54    20    10
     4     4   137   157    20    10
     2    -7   198   218    10    10
    14    16   164   184    10    10
    -1   -13   180   200    20    10
   -21    -6   166   186    20    10
    22    -3   183   203    10    10
    -2    26   200   220    10    10
   -21    15   100   120    20    10
   -11    22    97   117    10    10
     6    -5   132   152    20    10
     1     0   204   224    20    10
    -9   -25    99   119    10    10
    12   -25   105   125    20    10
    -8    26    92   112    10    10
    10   -16   118   138    10    10
   -10    12    51    71    20    10
    11    -4    46    66    10    10
    18    18   209   229    10    10
   -14     0   220   240    20    10
    19    13   221   241    10    10
     6   -14    44    64    20    10
     3     0   114   134    10    10
    19     6    27    47    20    10
     6    14   171   191    10    10
    -7     2   117   137    20    10
    18    11   228   248    20    10
    11   -15    84   104    20    10
    21     9    10
   -14    16    10
   -15   -15    10
    11   -17    10
    28    20     0
   -13    34     0
   -26    29     0
   -26   -23     0
    14   -32     0
    30   -10     0
