   -16     2    92   112    20    10
     2    -7   243   263    10    10
   -18    24   125   145    20    10
    15    -4    58    78    10    10
   -10   -16   109   129    20    10
     5   -16   230   250    10    10
    -8    16   192   212    20    10
     7    -7   193   213    20    10
   -16    13   233   253    10    10
    -3     2   229   249    20    10
    10    16   253   273    20    10
    -6    17   131   151    20    10
    -7   -23    62    82    20    10
    -7   -11   158   178    10    10
   -11   -17   226   246    10    10
    16    14    10
   -24    -3    10
     4   -21    10
    26    17     0
   -33   -13     0
