     6   -15   191   211    20    10
    -4    -3   202   222    10    10
    25     1   190   210    10    10
    -1   -18   169   189    10    10
   -13     3    82   102    10    10
    15   -13   148   168    20    10
   -15   -21   195   215    10    10
    16    17    40    60    20    10
    -1     0   118   138    10    10
   -10   -21    47    67    20    10
   -19    11    75    95    10    10
    -2    -2   164   184    20    10
     2     3   204   224    10    10
    24    12   201   221    10    10
    -2     0   255   275    20    10
   -14     3    94   114    20    10
    -2    24    71    91    10    10
   -10    12    88   108    20    10
    14    -9   110   130    10    10
   -10     9   180   200    20    10
    -6     2   109   129    20    10
    -1    -1   201   221    10    10
     1    -1    63    83    10    10
   -11    23    58    78    10    10
   -17     5    54    74    20    10
   -18   -17   183   203    10    10
     7   -10   106   126    10    10
    26    13   154   174    10    10
     3     0    90   110    10    10
     1     1   220   240    20    10
    11    -1   242   262    10    10
    10     3   203   223    10    10
   -20    17    44    64    10    10
    19     2   165   185    20    10
    15   -10   233   253    20    10
    14   -22    59    79    10    10
     0    27    41    61    10    10
    -6    -7   239   259    10    10
   -17    11    80   100    10    10
    15     6   167   187    10    10
    10    25   210   230    20    10
    -4   -12   188   208    10    10
    21    14    39    59    10    10
    11    -8   242   262    20    10
   -14     1   165   185    20    10
    13   -22   251   271    10    10
     1     1   165   185    10    10
    20   -16   254   274    20    10
     6   -20   184   204    10    10
    -2     2   111   131    10    10
     0   -28   121   141    10    10
   -27   -11    93   113    10    10
     5   -12   239   259    10    10
     3     0   129   149    10    10
    -6    21   198   218    20    10
    19    20   105   125    20    10
     1     0   243   263    10    10
    -4     5    85   105    20    10
    -3    -1   187   207    10    10
     8    21    70    90    10    10
     4     7    75    95    10    10
     2    -1   207   227    20    10
    -7    -4   190   210    10    10
    -7     3   241   261    10    10
    -7    11    93   113    10    10
   -22     0   177   197    10    10
   -22     7   242   262    10    10
     0     3   121   141    10    10
    -1     4   229   249    10    10
     8     3   191   211    20    10
     9   -11   195   215    20    10
   -14    -4   247   267    20    10
    -2     7    55    75    20    10
    -1     5   234   254    10    10
     7   -16    90   110    10    10
    -3    10    34    54    20    10
     9   -26    65    85    10    10
   -15    17   215   235    20    10
    -9     9    66    86    10    10
    -1     4    76    96    10    10
    11    10    92   112    10    10
    -6   -15   229   249    10    10
    -2    15    45    65    10    10
    20   -14   256   276    10    10
     9     8   140   160    20    10
   -28    10   237   257    20    10
    -6   -12   152   172    20    10
   -20   -15   157   177    10    10
     2    -2    32    52    10    10
    -9     9   126   146    20    10
     9   -22   190   210    10    10
     6   -27    84   104    10    10
    -1     0    28    48    20    10
    -2     1   135   155    20    10
    -2    -4    87   107    20    10
    -5     3    60    80    20    10
   -17     1    30    50    10    10
   -27    -1   225   245    20    10
    -3   -27   124   144    20    10
     0     0   165   185    10    10
     2    20    10
   -11    18    10
   -23    -2    10
    20    -6    10
    28    19     0
    14    33     0
   -38     8     0
   -30   -27     0
     7   -33     0
    29   -14     0
