    -4     8   231   251    10    10
     1     1   193   213    10    10
    -5   -20   212   232    20    10
    -4   -20    55    75    10    10
    13   -18    98   118    20    10
   -21    -1    58    78    10    10
   -14     4    71    91    20    10
     8   -12   257   277    10    10
    15   -16   244   264    10    10
   -13     9   206   226    20    10
    -8     0   205   225    10    10
   -18   -11   221   241    20    10
     1    -6   198   218    20    10
    -5    -1   194   214    10    10
    -8   -22    93   113    10    10
    -9   -14    45    65    20    10
     6    -1   241   261    20    10
     6    -6   129   149    20    10
    -4    -4   109   129    20    10
     0    10   158   178    10    10
    -6    11   248   268    10    10
     2     8   235   255    20    10
    17    10   120   140    20    10
   -22     7   167   187    10    10
   -16   -22   212   232    10    10
     0     0   173   193    20    10
    -2     1   257   277    10    10
    -4   -28   103   123    10    10
    24     2    52    72    20    10
    -6   -10    54    74    10    10
    23     6    10
   -22    11    10
     3   -24    10
   -33    20     0
   -22   -33     0
