     -4     0   201   221    20    10
     2     1   172   192    10    10
     2     8   210   230    10    10
   -15     0    71    91    10    10
    -4    -2    65    85    20    10
    -3    12   127   147    20    10
   -18    14   258   278    10    10
   -15     7   182   202    20    10
     6    18   162   182    20    10
    -6     8   206   226    10    10
    -7   -20   217   237    20    10
    -3     5   119   139    10    10
     0    -3   226   246    20    10
   -15     2    49    69    10    10
    12    -7   250   270    20    10
   -16    16    60    80    20    10
    -5    -3   259   279    10    10
    13    18    85   105    10    10
   -17   -15   213   233    20    10
     2    17    38    58    20    10
    -6    -3   100   120    10    10
   -14    -5   140   160    20    10
   -10    -2   174   194    20    10
   -14     4   222   242    10    10
   -21     9   183   203    20    10
    22     0   199   219    20    10
    20     1   229   249    20    10
    21    -3   246   266    10    10
    -1    18   151   171    20    10
   -11    10   215   235    10    10
   -21     4    56    76    10    10
    -9    -1   209   229    10    10
     6    -5    92   112    20    10
   -14   -10   148   168    10    10
     6   -12   167   187    10    10
     1     0   247   267    10    10
   -15    10   112   132    20    10
    11    -2   256   276    20    10
    14   -12    31    51    10    10
    29     6    91   111    10    10
   -21    -1   133   153    20    10
     0   -11   177   197    20    10
    11   -10    36    56    20    10
    -4     8    76    96    10    10
    13     1   184   204    10    10
   -27     3   175   195    10    10
     6   -15   102   122    10    10
    15    16   225   245    10    10
     1     7   202   222    20    10
   -29     7   224   244    20    10
    25   -14   195   215    20    10
    -7   -13    56    76    10    10
   -17     5    79    99    10    10
     7    20    52    72    20    10
    10    14   142   162    10    10
   -25   -14    61    81    10    10
     0     0   185   205    10    10
     3    -6   151   171    10    10
   -12    -3   149   169    20    10
    -2     2    78    98    10    10
   -15    -2   215   235    10    10
    -5    -2   136   156    10    10
    -3   -13   132   152    20    10
     3   -14    53    73    20    10
    -5    -9   194   214    10    10
    15    11   234   254    20    10
     0     4   236   256    20    10
   -17    17    84   104    20    10
   -14    17    40    60    10    10
    12    11   125   145    10    10
     3    11   164   184    10    10
     4   -14   227   247    20    10
     2    16    92   112    10    10
    -9   -16   193   213    10    10
   -27     7   179   199    10    10
    -8    17    63    83    20    10
   -27    -6   191   211    20    10
   -20   -17   126   146    20    10
     1     8   194   214    10    10
    -2    12   177   197    10    10
    -2    -1   209   229    10    10
    11     6   161   181    20    10
    -5     2    52    72    20    10
   -28     6    52    72    20    10
    24    -1    93   113    20    10
     1    -1   172   192    10    10
     1    15    52    72    10    10
     0     0    25    45    10    10
   -12    -1   147   167    20    10
     3     0   195   215    10    10
   -16    18    36    56    10    10
    -4   -15   138   158    10    10
     4     2   120   140    20    10
    24   -10   230   250    10    10
    -1    -2   153   173    20    10
    -6   -12   182   202    20    10
    -3     2   212   232    10    10
     0    16    46    66    10    10
    -4    10   183   203    10    10
    -9    -4   218   238    10    10
    20    14    10
     5    22    10
   -21   -12    10
   -14   -19    10
    21   -10    10
    29    13     0
   -23    21     0
     9   -34     0
