    12    -5   234   254    20    10
    28    -3   166   186    10    10
    12    -9    99   119    20    10
    -6    -3   225   245    10    10
    -1    19   201   221    10    10
    12   -11   253   273    20    10
    -5    -4    97   117    10    10
     3    14   212   232    10    10
    14   -21   178   198    20    10
    12    -6   162   182    10    10
   -17     1   158   178    20    10
    11     7    49    69    10    10
    17    11    37    57    20    10
    12    10    47    67    20    10
    -3    -8   185   205    10    10
    -8    -4   257   277    10    10
    -2     3    55    75    20    10
    29    -7   238   258    20    10
    -2   -15    93   113    10    10
    -9    -5    56    76    10    10
     6   -22   122   142    20    10
   -16     1   208   228    10    10
     0     0   207   227    20    10
   -22     4   174   194    10    10
   -29     3   144   164    20    10
    11    12   176   196    20    10
    11     9   235   255    10    10
     3     0   125   145    20    10
     0     0   208   228    10    10
    -3    -7    77    97    20    10
     1    23    10
   -22     2    10
   -21    -7    10
    17   -12    10
    31    12     0
   -12    28     0
   -28    28     0
   -27   -26     0
     5   -34     0
    32    -7     0
