      1    -1   103   123    10    10
    11    -9   136   156    20    10
    20     7   104   124    10    10
    -4   -12   128   148    10    10
    -2    -4    76    96    20    10
   -10     5    64    84    20    10
    -5     8   213   233    10    10
    21    16   255   275    10    10
   -25    -6    93   113    20    10
    17    11   112   132    20    10
     8     8    72    92    10    10
   -10     1    49    69    10    10
     1     3   225   245    10    10
    10     4   224   244    10    10
   -18   -16   203   223    10    10
     1   -13   194   214    20    10
    24    -4   252   272    10    10
    11   -26   209   229    20    10
    -7    23   255   275    20    10
    -1     2    59    79    10    10
     8     9   184   204    10    10
   -28    -8    31    51    20    10
   -11    11   252   272    10    10
    -7    -2   151   171    10    10
   -18     9    70    90    10    10
   -21   -17    91   111    10    10
     9    21   156   176    10    10
    11    10   238   258    20    10
    -8     5    38    58    10    10
    20    -3    74    94    20    10
    -9   -17   154   174    10    10
   -18   -20   113   133    20    10
    22    -4   106   126    20    10
    -9   -13   193   213    20    10
     2    -7   224   244    10    10
     9    -8   119   139    20    10
     3   -22   220   240    20    10
     9     9    32    52    20    10
    11    -3   177   197    10    10
   -19    14   235   255    10    10
     0     0    67    87    10    10
     1    -3    35    55    10    10
    -7     0   181   201    20    10
     3    -8   121   141    10    10
     3    -2    72    92    10    10
   -10     8   110   130    20    10
     1     0    93   113    10    10
    -2     4   121   141    20    10
     9    26   250   270    20    10
    -8     1   150   170    20    10
    24     4    10
   -24     3    10
   -22    -7    10
     4   -22    10
    32    15     0
     6    39     0
   -31     7     0
   -33    -3     0
   -10   -38     0
    19   -29     0
