   -28     4    61    81    10    10
     4    -3    93   113    20    10
    -6   -23   246   266    20    10
    11     1   110   130    10    10
    15   -13    92   112    20    10
    15    -8   240   260    20    10
    21    11   201   221    20    10
    13     2   208   228    20    10
    -5    22   164   184    10    10
     1    -2   186   206    10    10
    24   -15    55    75    10    10
    -3    14    92   112    10    10
     2    15    60    80    20    10
    23   -11   169   189    10    10
    10    -1   196   216    20    10
   -11    14   191   211    20    10
    22    -7    94   114    20    10
    -9    -1   190   210    20    10
    -1    -3    65    85    20    10
    -1     8    56    76    20    10
     0     1    75    95    20    10
     3    -5   173   193    10    10
    21    -7   240   260    10    10
   -12     3   208   228    20    10
   -19    16   192   212    10    10
    29     3   136   156    10    10
     2     6   202   222    20    10
    -3   -19   141   161    10    10
     9    18   218   238    20    10
    20    -4   111   131    10    10
    -1     6   177   197    10    10
     9     7   168   188    10    10
     1   -10   156   176    10    10
    -9     9    73    93    20    10
    -4     4   107   127    20    10
     3    -2   146   166    20    10
    -4    -4   164   184    10    10
    -9    -9   103   123    10    10
    25     3    49    69    10    10
   -19    -5   121   141    10    10
    -4     0   242   262    10    10
    -2    -6    71    91    20    10
    24   -13   104   124    10    10
    -2    -1   251   271    20    10
   -22    17   152   172    20    10
    12    23    45    65    10    10
    22     1    98   118    20    10
    -4    -1   254   274    20    10
    -8     9    68    88    20    10
     2     1   215   235    20    10
    -1     5   231   251    10    10
    12     1    51    71    20    10
   -16    -9   257   277    10    10
    16    -6    96   116    20    10
    13   -25    42    62    20    10
   -10     5   172   192    10    10
    -1    28    47    67    20    10
   -20   -22   132   152    20    10
    -8   -20   250   270    10    10
    23     9   241   261    10    10
   -12    -2   151   171    20    10
    -5     9   188   208    20    10
     7   -11    42    62    10    10
    22    -1   101   121    10    10
   -24     9   193   213    10    10
    -2     0   187   207    10    10
     7     7   118   138    10    10
    21     1   217   237    20    10
     1    -1    70    90    10    10
    -2    -6    38    58    20    10
     3     6   215   235    20    10
    -3    -1   164   184    10    10
   -22    11   119   139    20    10
     0   -20    42    62    10    10
   -12    16   232   252    10    10
    -2    -5   231   251    20    10
   -16     3    83   103    20    10
   -10     3    97   117    10    10
    -1    -4   156   176    10    10
     8     0   144   164    20    10
    27    -4   235   255    20    10
    -7    -8   100   120    10    10
     7    -6   227   247    10    10
    -1     0   195   215    20    10
   -14     0   101   121    10    10
     5     1   116   136    10    10
     3     2   141   161    10    10
   -11   -13   202   222    10    10
    14    12    71    91    20    10
    -6    26    61    81    10    10
    27     4   178   198    10    10
     1    22   158   178    10    10
   -16    21   114   134    20    10
     5    -8   106   126    10    10
     3   -26   164   184    20    10
    -3     3   157   177    20    10
    18    24   195   215    10    10
     6    -4   125   145    20    10
    10   -27   118   138    10    10
    -8    13    72    92    20    10
     1    21    10
   -19    13    10
     5   -22    10
   -27    19     0
    31   -10     0
