     0     0    38    58    10    10
    -5    11    33    53    10    10
    -7     4   197   217    20    10
    13   -17   145   165    10    10
     3     1   122   142    10    10
     1     1   129   149    10    10
   -26    12   116   136    10    10
    14   -15    90   110    20    10
   -20    21    51    71    20    10
     2   -12   218   238    20    10
    14   -15   249   269    20    10
     0     0    52    72    10    10
    -1    -1   259   279    10    10
    17     1   243   263    10    10
    -2    -2   218   238    20    10
    16    19    10
    -7    21    10
   -20    -6    10
     3   -23    10
     9   -20    10
    38     2     0
   -29     8     0
    -5   -30     0
