    -14     1   129   149    10    10
     3     2   191   211    10    10
    -4    -7   180   200    20    10
     1     3   234   254    20    10
    -2    -4    65    85    20    10
     5    -5   101   121    10    10
     5    -2    88   108    20    10
    12   -18    26    46    20    10
    -1    -3   205   225    10    10
   -29    -3    66    86    10    10
     4    -3   201   221    20    10
    -4     5   139   159    10    10
    -7    -9   194   214    10    10
    -9     6   144   164    20    10
   -21    20   250   270    10    10
    14   -25   153   173    20    10
     2     6    73    93    10    10
   -27   -12   202   222    10    10
    -6    13   210   230    10    10
    10    -1   145   165    20    10
   -28     6   209   229    20    10
    -3    -4    82   102    10    10
    -1     0   218   238    20    10
     2     2   125   145    10    10
    18    -7   254   274    10    10
     1    -4   248   268    10    10
    -9   -11    27    47    20    10
    13    -8   208   228    20    10
   -25     0    39    59    10    10
    -6    -2    25    45    10    10
    21     7    10
   -14    17    10
   -22    -2    10
   -14   -16    10
    12   -16    10
    33    18     0
   -24   -31     0
    -2   -36     0
