     2   -22    39    59    20    10
    -2     1    29    49    20    10
    -3    -7   196   216    10    10
     1   -18   220   240    10    10
     2    -1   156   176    20    10
    -4    10    67    87    20    10
     5     1   181   201    10    10
    24     8    90   110    20    10
    21     1   154   174    10    10
   -12   -24   132   152    10    10
    11    26   248   268    10    10
    26   -11    91   111    10    10
    -2   -26   166   186    10    10
     5    -4   197   217    10    10
     5     1    78    98    10    10
     9    -1    87   107    10    10
    24   -11   136   156    10    10
     4   -10    74    94    20    10
   -15   -13   236   256    10    10
    13   -18   255   275    20    10
   -11    -8    45    65    10    10
     8    -6   122   142    10    10
     3    28   235   255    20    10
   -13     9   107   127    10    10
     2     7   138   158    20    10
   -14     1    24    44    10    10
    -1   -17   209   229    10    10
     4    -1   158   178    20    10
     0    -4   189   209    10    10
    25    -9   221   241    10    10
    -8   -20   166   186    20    10
   -16     2   230   250    20    10
    14    21   202   222    10    10
     0     0   211   231    10    10
   -15    -2   223   243    10    10
    -6   -18   154   174    20    10
     3     8   160   180    20    10
    18    20   218   238    10    10
     0   -13   106   126    20    10
   -17    18   239   259    10    10
    21   -20   249   269    10    10
   -20    13   211   231    10    10
    16    21    97   117    20    10
    -5     2    57    77    20    10
   -14    -5   123   143    20    10
    10     0   138   158    10    10
    16    -7    58    78    20    10
     3     5   103   123    20    10
    21    21    87   107    10    10
     1    11   143   163    10    10
     8    23    10
    -2    22    10
   -20     1    10
   -13   -17    10
    12   -19    10
    -8    34     0
   -30    -4     0
    25   -21     0
