    -2    -3   121   141    10    10
     0    -1   206   226    10    10
    19     2    83   103    10    10
     8    -3    61    81    10    10
     1    13    72    92    10    10
    14    -7   144   164    20    10
    -4    -1   163   183    10    10
     0     3    40    60    10    10
    -2    10    80   100    10    10
   -26     9   170   190    20    10
     2    14    83   103    20    10
   -22    15   132   152    10    10
    24    -2   255   275    10    10
    -8    18   252   272    10    10
    -4     1   103   123    20    10
    23    10    10
    -8    20    10
   -16   -14    10
    13   -18    10
    36     5     0
   -16    27     0
   -19    25     0
   -36   -16     0
    -7   -36     0
    32   -21     0
