    -6    16   174   194    20    10
   -19     6   205   225    10    10
     1     0   219   239    10    10
     3     7   114   134    20    10
     2     1   242   262    20    10
   -10   -19   132   152    10    10
   -23     5   140   160    10    10
    21    11   113   133    20    10
     2    -2    42    62    20    10
    -8    13    35    55    10    10
   -19    -2   138   158    10    10
     1     0   102   122    10    10
   -21    -8   218   238    20    10
    10     1    83   103    20    10
    23    15   134   154    20    10
    25     4    10
   -17    12    10
    18   -12    10
   -34    18     0
    27   -17     0
