   -13   -10   246   266    10    10
     7   -13   186   206    10    10
     4    -1   196   216    10    10
    -2     2    36    56    20    10
   -11    -8   189   209    10    10
     8     0   144   164    20    10
    -2    -2   182   202    10    10
     5     7   233   253    10    10
   -17    10    95   115    20    10
    24    -3   207   227    10    10
   -11     2    79    99    20    10
     1     0    95   115    20    10
   -17    10   231   251    10    10
     8    -3    91   111    10    10
   -25    -1   222   242    10    10
   -11     7    85   105    10    10
   -17    22    43    63    10    10
     0     9    46    66    20    10
    10    -3    55    75    20    10
   -12    -7    86   106    20    10
    26    14   235   255    20    10
    13    18   221   241    20    10
    23    -9    34    54    20    10
     0    -1   218   238    10    10
     3     8    61    81    10    10
   -28     4   167   187    10    10
     0     1   183   203    20    10
   -10    21    99   119    20    10
     1    -7   150   170    10    10
    -3    11   149   169    20    10
    13   -16   114   134    10    10
     2    -1   174   194    20    10
     1     0    70    90    10    10
   -18   -14   203   223    10    10
     4    -4   253   273    10    10
    10   -26    50    70    20    10
    18     1   224   244    20    10
    25    12    37    57    10    10
    22     6   206   226    10    10
    30    -1    93   113    10    10
    -4    19   161   181    10    10
   -14   -18    31    51    10    10
    -7     5   258   278    10    10
    -1    12    32    52    10    10
   -10    -9    28    48    20    10
    -2     5   216   236    20    10
     6     4   246   266    20    10
    -5   -23   106   126    10    10
    -8   -26   106   126    10    10
     0     0   105   125    20    10
    23     1    10
   -24     5    10
    10   -18    10
   -24    21     0
    26   -22     0
