   -15    -8   106   126    15    10
   -21    -8   123   143    12    10
   -22    -7   123   143    23    10
     0     0    53    73    19    10
   -19     4   131   151    21    10
     0    -1   112   132    17    10
    -1    28   140   160    18    10
     9   -23   117   137    15    10
    -1    -2   158   178    11    10
    12    -9   120   140    18    10
    24    12    23    43    24    10
    -5    -5   236   256    19    10
     4     0   219   239    15    10
    -3     3   145   165     7    10
    -9     2   204   224    11    10
    -9     1   229   249    21    10
    12     0   235   255    15    10
   -18    17   135   155     9    10
    10   -19   220   240    17    10
   -17    24   235   255    15    10
   -15    17   252   272     8    10
    -5     7   211   231    10    10
     6     5    96   116     7    10
   -15    26   100   120    24    10
    -1    -6   216   236     9    10
     0    -3    78    98    16    10
   -23   -11    74    94    16    10
   -19    20   117   137     9    10
   -21    18   244   264     9    10
   -10   -11   238   258    14    10
   -25     7   104   124    18    10
     0     0   204   224    23    10
     3    -1   185   205     5    10
   -13    -2   223   243    20    10
    -6    -9    80   100     5    10
    -2    -4   188   208    18    10
     1     0   166   186    11    10
    14    -5    89   109    18    10
   -19    12    83   103    10    10
    16    17   223   243     9    10
    17   -17   178   198    10    10
    13    20   111   131    16    10
    27     0   169   189    16    10
   -27     1   136   156     6    10
     3    15   174   194     5    10
    16   -21   148   168    20    10
   -26    14   158   178     8    10
    15    23   118   138     5    10
    10   -28   167   187     9    10
    13   -19    93   113    19    10
    22     5    10
   -21     7    10
    12   -21    10
    22    29     0
   -36   -14     0
