     4    10   138   158    10    10
   -22    -3   153   173    10    10
    -7    -8    60    80    24    10
    -1    -7    92   112    20    10
    -8    12   113   133    11    10
   -14     9   234   254    22    10
    -1     1    56    76    19    10
    -8    18   102   122    16    10
    -4    -6   256   276    18    10
    -2    26   191   211    11    10
     7    -2   182   202    16    10
     0     2    58    78    20    10
   -28     1   243   263     7    10
     6    -1    92   112    17    10
    10   -19    54    74    16    10
    20     7    10
   -12    17    10
    25    -1    10
     2    33     0
   -35   -18     0
