   -15   -16    87   107    11    10
    23   -18   144   164    17    10
    -5   -13   101   121    16    10
     8   -10    51    71    14    10
     0     2    29    49     9    10
   -20   -16   211   231    20    10
     5     2   152   172    24    10
     0    -5   112   132    24    10
   -14     1   108   128    20    10
     8   -19   151   171     9    10
    -9    -7    95   115     6    10
    18    10   215   235    22    10
     8    17   111   131    21    10
     1     2   255   275     9    10
    -2     1   139   159     8    10
    -2     1   202   222     7    10
    -9    -2   228   248     9    10
     3     4   198   218     9    10
    14    13   135   155    15    10
    -9   -20    34    54    15    10
   -11    21   228   248    18    10
     2     4    98   118    23    10
     3    -2    86   106     9    10
    -9    19   200   220    21    10
     9     1   214   234    10    10
     7   -18   146   166    18    10
    12   -20    65    85    10    10
    -5    -3   213   233    14    10
    14     3    69    89     7    10
     0     0   253   273     6    10
    13    -2    29    49    22    10
    -1    -1   246   266    19    10
    15   -16   242   262    21    10
     3     2   193   213    21    10
   -27   -14   253   273    15    10
    -1    -2   140   160     6    10
   -12    18    23    43     9    10
    -7    10   240   260     7    10
    -6    23   216   236    15    10
    -9    15   112   132    20    10
    -2   -26    39    59    17    10
     5   -18   141   161    12    10
    -2     3   257   277    19    10
    -2   -22    31    51     7    10
    21     1    82   102    15    10
    -1    -1   258   278    20    10
    -5   -17   257   277     6    10
    -3    -2   155   175    10    10
     8    -1   190   210     8    10
     1     1    99   119    18    10
    21     9    10
   -14    17    10
   -20    -3    10
     7   -23    10
    19   -14    10
     5    33     0
   -34     8     0
    27   -26     0
