    -6    12    76    96     8    10
   -17   -24   191   211    20    10
    20     5   252   272     8    10
     8     4   255   275    10    10
     0     3   199   219    12    10
    -1     7   206   226    13    10
     1    11    47    67     8    10
   -12    -2   136   156    21    10
    21    11   205   225    10    10
    11   -14   109   129    11    10
   -12    18   125   145    13    10
   -13    21   106   126    15    10
    -8    -5   142   162     7    10
     5     0   147   167     8    10
     1    10   252   272    17    10
    -4    12    96   116    11    10
    13    13    25    45    15    10
    -1    15   186   206     5    10
   -17    -8   129   149     5    10
    25    -4   195   215     7    10
    13     2   191   211    20    10
     2    -7   108   128     6    10
     1    24    49    69    13    10
     3     3    99   119     9    10
    25    16   225   245    19    10
   -17   -18   110   130    13    10
     4    -9   132   152    23    10
     7    13   138   158    16    10
    20     0    62    82    13    10
     2     3   171   191    12    10
    20    -6    55    75    17    10
   -22   -18    33    53     5    10
     1   -23   144   164    17    10
    -4    -3   143   163     5    10
     2    -2   236   256     5    10
    -1     0   188   208    11    10
     2     2   154   174    10    10
   -25    14   206   226    24    10
    -2    -4   155   175     6    10
     1   -13   236   256    18    10
    20     5   159   179    15    10
    -1   -25    28    48    18    10
    16     3    45    65    19    10
    14   -17   130   150    13    10
    13    11    95   115    18    10
     6   -14   215   235    16    10
   -14    16   208   228     7    10
     4     0   153   173    13    10
     9     0   223   243    24    10
   -17     4    54    74    13    10
   -15     9    91   111    23    10
    -1    -1   115   135    10    10
    15   -18   164   184    11    10
    -5     0   200   220    21    10
    -4    -5    32    52     9    10
    22    12   123   143     9    10
    13   -24    99   119    14    10
    18    15   202   222     6    10
    -8   -12   134   154    11    10
   -10    -8    39    59     6    10
    -6     5    80   100    13    10
   -23    10    25    45    15    10
    -4   -24   110   130    16    10
     1     5    45    65    21    10
    15   -17    58    78     9    10
    10    -9   247   267    24    10
    22    13   114   134    13    10
     7   -10   131   151     5    10
     7   -10   182   202     5    10
    -1    -1   244   264    19    10
    -2     0   133   153     5    10
     3    -1   205   225     6    10
   -21   -15   144   164    15    10
     3    -2   106   126    14    10
   -11   -13   130   150     5    10
    13   -14    97   117    10    10
   -10    -2   219   239    20    10
    -1   -26    44    64     7    10
   -22    -1   187   207    17    10
    -2    14   176   196    22    10
    -1    -1   165   185    24    10
    17    21   181   201     8    10
    23   -14   191   211     5    10
   -20   -14   185   205    13    10
     2    -2    52    72    22    10
   -24   -15   228   248     8    10
     0     0   255   275     9    10
    -9    -1   126   146    16    10
     0    -1   153   173    17    10
   -15    -1    25    45    21    10
     8    10   192   212    24    10
    -9    19    89   109    12    10
   -16    -1   120   140    13    10
    -4   -16   207   227     6    10
   -11     2   205   225    11    10
   -17     9   204   224     9    10
     4    -7   108   128     5    10
     1    -6   129   149    19    10
     9    28   150   170    24    10
     0    -6   257   277    23    10
    21     3    10
   -23     5    10
   -14   -18    10
    19   -15    10
    28    24     0
    12    33     0
   -23    29     0
   -34    -3     0
    13   -28     0
    24   -24     0
