    16    18   227   247    12    10
    -3   -23   254   274    22    10
     8   -25    81   101    19    10
    -3     0   114   134    18    10
    29    -6   151   171     6    10
    23    10    95   115    10    10
   -11    15   126   146    11    10
   -11   -15   183   203    19    10
    10    -6   200   220    13    10
     8     2   229   249    19    10
    -5     6   121   141     5    10
    20   -18   173   193    24    10
    17   -24   105   125    17    10
    17     2    35    55    16    10
   -19   -16   233   253    10    10
     5     1   183   203    17    10
    -2   -27    53    73    10    10
     2   -28   254   274    21    10
     6    -2   171   191    21    10
    10   -15   225   245    11    10
   -21    -7   230   250    19    10
   -21     9   228   248    18    10
     1     7   214   234     6    10
    12   -12    77    97    11    10
     4    21    85   105    19    10
   -21     0   254   274    12    10
     8    27   257   277    13    10
   -23     4   176   196    19    10
   -20    -8   175   195     6    10
   -10   -24   167   187     7    10
    20    13    10
    -2    20    10
   -22    -6    10
    -8   -23    10
    13   -20    10
    28    20     0
   -26   -29     0
    28   -28     0
