    13   -19    76    96     8    10
    -4   -19   191   211    20    10
    -7     6   252   272     8    10
    10    -8   255   275    10    10
     9   -14   199   219    12    10
    -4     8   206   226    13    10
    -3    -6    47    67     8    10
     4     1   136   156    21    10
    -5    11   205   225    10    10
   -14    12   109   129    11    10
    -6    14   125   145    13    10
     3    -3   106   126    15    10
     6    20   142   162     7    10
    -7    -1   147   167     8    10
    15    -7   252   272    17    10
   -15   -23    96   116    11    10
     0    -1    25    45    15    10
   -19   -17   186   206     5    10
     4   -26   129   149     5    10
    -7    -5   195   215     7    10
     0     0   191   211    20    10
   -21    17   108   128     6    10
    20    11    49    69    13    10
    -8     2    99   119     9    10
    -8    24   225   245    19    10
     0    -9   110   130    13    10
    -1     0   132   152    23    10
    15    -8   138   158    16    10
    -2     0    62    82    13    10
     0     3   171   191    12    10
    -3   -20    55    75    17    10
    13     3    33    53     5    10
     1    -8   144   164    17    10
    -3    -1   143   163     5    10
   -16    -2   236   256     5    10
    -5    -6   188   208    11    10
   -17   -13   154   174    10    10
     5   -20   206   226    24    10
   -26   -13   155   175     6    10
     4    -6   236   256    18    10
    -3    -2   159   179    15    10
     8     8    28    48    18    10
    -1   -21    45    65    19    10
    -4     3   130   150    13    10
     0    -7    95   115    18    10
    16     9   215   235    16    10
    -6     0   208   228     7    10
     0     2   153   173    13    10
    14   -12   223   243    24    10
    11     1    54    74    13    10
   -16    12    91   111    23    10
     4   -24   115   135    10    10
     4     4   164   184    11    10
   -23   -14   200   220    21    10
   -18     1    32    52     9    10
   -27     4   123   143     9    10
    -2     3    99   119    14    10
     7     8   202   222     6    10
     4   -13   134   154    11    10
     1     5    39    59     6    10
   -12    -3    80   100    13    10
     8    16    25    45    15    10
    -3   -10   110   130    16    10
    -1    -9    45    65    21    10
    -9    13    58    78     9    10
     6   -22   247   267    24    10
   -23    11   114   134    13    10
    23     9   131   151     5    10
    -4     2   182   202     5    10
    23    16   244   264    19    10
   -13     7   133   153     5    10
    12     0   205   225     6    10
    21   -17   144   164    15    10
     0     0   106   126    14    10
    11   -12   130   150     5    10
   -27    -7    97   117    10    10
    14   -24   219   239    20    10
     5     0    44    64     7    10
    21     9   187   207    17    10
     0    27   176   196    22    10
   -14   -16   165   185    24    10
    13   -15   181   201     8    10
    22   -19   191   211     5    10
     1    -8   185   205    13    10
   -19    -1    52    72    22    10
    13   -11   228   248     8    10
     7    24   255   275     9    10
     0     3   126   146    16    10
    15   -17   153   173    17    10
     7    -8    25    45    21    10
    -8    11   192   212    24    10
     1    -5    89   109    12    10
     4   -13   120   140    13    10
     4    18   207   227     6    10
    -4    -1   205   225    11    10
     3   -25   204   224     9    10
    -4     0   108   128     5    10
   -23    -1   129   149    19    10
    -1     3   150   170    24    10
   -16     3   257   277    23    10
     2    24    10
   -20    12    10
    21   -10    10
     8    29     0
    29    -8     0
