     3    -2   149   169    16    10
    -3   -17   223   243    17    10
     5     2    64    84    18    10
   -10     2   120   140     9    10
    -1    -1   145   165    23    10
    -9    21   250   270    22    10
    -7     0   194   214    19    10
     2     4    77    97     5    10
    25   -10   191   211    11    10
   -18   -20   189   209    16    10
     6   -18    68    88    21    10
    -8    12   251   271     6    10
   -24    14   248   268    24    10
    -4    -1   131   151    16    10
    -6    13   159   179     5    10
    15    16    10
   -14    16    10
   -23    -1    10
    15   -18    10
    31     9     0
   -16    32     0
   -37     2     0
   -33    -4     0
   -13   -32     0
    27   -28     0
