    -7   -18   149   169    23    10
     2    -4   113   133    19    10
    -5     0   221   241    24    10
    -5    27   142   162    22    10
    20   -22   130   150    16    10
     5    -8   110   130    13    10
     0    -3   122   142     7    10
    17   -19   224   244    17    10
     1    -1    72    92    12    10
     4    16   116   136    14    10
    15   -14   142   162    22    10
     4    15    97   117    10    10
    21    -9    97   117    12    10
     7    18   138   158    12    10
     0    -3    25    45    15    10
   -11   -10    44    64     6    10
     2    -2   216   236     6    10
    -1   -25    73    93    20    10
    -8    -7   193   213    12    10
     1    -2    75    95    23    10
    24     0    37    57    16    10
    11     3   115   135    18    10
     0    -2    53    73    14    10
   -23   -13    62    82     7    10
     1    -2   110   130    10    10
     5    -6    26    46    17    10
     2    -3   100   120     7    10
     6   -18   196   216    21    10
    -2     4   105   125     6    10
    25     1   175   195    22    10
    21     7    10
   -23    -7    10
     2   -24    10
    -4    39     0
    11   -29     0
