   -28     1    50    70    22    10
    -7    10    42    62    14    10
    11     3   247   267    14    10
    23    16   148   168    11    10
   -12     8    33    53     5    10
     1    -1    76    96    14    10
     9     9    43    63     7    10
     1     6    74    94     7    10
     0     0    22    42    13    10
    -3    -2    52    72    12    10
    28    -4   128   148    15    10
     4   -20   194   214    19    10
   -13    -7    55    75    23    10
   -13    14   187   207     6    10
    18    21   136   156    14    10
    13    19    10
     6    23    10
   -21     3    10
   -18   -16    10
    10   -21    10
   -14    32     0
   -30     7     0
    35     0     0
