     6    12    62    82    22    10
    -5    11   189   209    21    10
    -3    -7   212   232    15    10
     7    -7   135   155    11    10
   -22   -19   122   142    17    10
    13   -12   156   176     7    10
    -6    -3   108   128    21    10
     1    -8   127   147    24    10
    -4     8   175   195    21    10
     0     0    78    98    12    10
   -14    23   220   240    21    10
    -7    -5   121   141    20    10
    -6    16   150   170     7    10
   -13    18    29    49    13    10
     0    -2    51    71    24    10
    -2    29    56    76    11    10
   -14    -2   114   134     8    10
    -2   -11   113   133    16    10
     2    -5   103   123     7    10
    26     8   211   231    11    10
    -8   -14    98   118    13    10
    -6    -2   118   138    12    10
    16    -5   253   273     9    10
    -1    -2    66    86    14    10
     0     5   249   269    21    10
     8     6    92   112    15    10
    -1   -16   112   132     6    10
    15    20   223   243    20    10
   -22    18    91   111    22    10
     0     0   144   164    23    10
     4    23    10
   -21     2    10
    -7   -20    10
    20   -12    10
    22    31     0
     5    31     0
   -35     8     0
   -29   -22     0
    -8   -31     0
    18   -25     0
