    12    27   204   224    17    10
   -14     3   202   222    17    10
    -1    -1   124   144    24    10
    -9    -9    59    79    11    10
    10    -4   229   249    15    10
     6   -24   111   131     9    10
     2    -3   146   166    23    10
   -17   -15   149   169     9    10
    -2    29   159   179     9    10
   -19   -13    80   100    10    10
    -2    21   237   257     7    10
    -2    15   148   168    12    10
    -6     9   101   121    12    10
    26     5   169   189    13    10
     6    13   216   236     8    10
     0     0   251   271    12    10
    26    12    29    49     8    10
    -1     2   107   127    22    10
    11   -23   126   146    20    10
     2     0    62    82     5    10
   -14    20   227   247     6    10
    -3     2   184   204     5    10
    -9   -17   210   230    15    10
    16   -20   201   221    23    10
    -6    -6    49    69    19    10
    12     1   257   277    23    10
    27    -6    71    91    14    10
     1   -12   165   185     7    10
    -2    21   166   186     6    10
   -15     9   193   213    17    10
    12     9    36    56    17    10
   -10    -8   116   136    13    10
     3     1   120   140    23    10
    -2    -9   235   255    24    10
    20     9    45    65    19    10
    15   -23   166   186    16    10
   -24    -9   233   253    22    10
   -15    21   132   152    15    10
     6    -4   185   205    20    10
    25    -5   156   176    12    10
    -8   -10   133   153    10    10
   -27     3   233   253    13    10
     9    10    41    61    11    10
     0     0   106   126    14    10
    15   -23    71    91    22    10
    -4     1   158   178    15    10
     6    11   233   253    17    10
   -11    -7   210   230    22    10
     0     0    82   102    13    10
     1    28   143   163     5    10
     5   -13   133   153    13    10
     6     6   215   235    13    10
     7    -9   251   271    22    10
     2    -3   259   279    11    10
   -21   -16    86   106    22    10
   -14    -2   152   172    10    10
     7    14    95   115    20    10
     9   -17   120   140     5    10
   -12    12   164   184    24    10
     9    -5   130   150    16    10
   -15     1   245   265    22    10
    -5    -3   181   201    17    10
   -22   -11    95   115    22    10
     6    10   228   248    19    10
   -10     9   220   240    10    10
    26   -11   168   188     8    10
     4   -27    72    92    12    10
    16    22    87   107    22    10
     1   -13   182   202    18    10
    -6     0   156   176    12    10
    22    11   206   226    13    10
    -9    17   219   239    12    10
     0     1   102   122     6    10
     3     6   107   127     6    10
   -25   -10   167   187    13    10
    17    11   186   206     9    10
     2    -3   158   178    18    10
   -19     7   128   148    23    10
    -1   -20   139   159    12    10
     3    26   230   250    10    10
    11    -8   172   192     8    10
    16     1    39    59    12    10
    10    -3   174   194    19    10
   -14    12   170   190    21    10
    12     3   250   270    12    10
    18     9    63    83     8    10
    11   -14   245   265    11    10
   -18     4   100   120    20    10
   -10    16    27    47     7    10
     9   -12    47    67    21    10
     3    -8   193   213    17    10
    15     9    35    55     5    10
     9   -23    44    64    13    10
    24    -5    68    88    21    10
    -1     2   226   246    12    10
    21     2   193   213    20    10
     7    -8   247   267    22    10
     8    -3   257   277    17    10
    -4    -3    82   102    17    10
   -13   -11   158   178    22    10
    15    19    10
    -4    22    10
   -21    -2    10
   -13   -18    10
    24    -7    10
    10    32     0
   -34    19     0
    22   -28     0
