     6   -13   170   190    16    10
   -14    -1   191   211    24    10
    26     7    58    78    11    10
   -28    -4    63    83    22    10
    12   -18    58    78    13    10
     8     2   212   232     7    10
     8     3   112   132    24    10
   -13     3    78    98     8    10
   -22    12   210   230    17    10
    -9    -1    21    41     9    10
   -18     6   127   147    13    10
     4   -23    37    57     6    10
    28     1   223   243    14    10
    16    -7   221   241    16    10
     1    -5    70    90    16    10
    -8    23    10
   -23    10    10
    13   -16    10
   -34    13     0
    21   -24     0
