   -13    -7   178   198    11    10
    -6    -9   145   165     7    10
   -25     3   119   139     8    10
     1     0    55    75    17    10
     5   -14   184   204    10    10
    21    -4    96   116    15    10
    -5    18   253   273    21    10
     8     3    55    75     9    10
    -3    10   214   234    24    10
    -5    -3    96   116    11    10
     7    15   173   193    16    10
   -12    20   201   221    22    10
     0     4    45    65    24    10
    -1    16   186   206    15    10
     7   -25    86   106    18    10
   -21     2   112   132    10    10
    -1     0   203   223    11    10
   -11   -10   244   264    10    10
     0     0   204   224    14    10
   -22    10   256   276    11    10
     9    -2   127   147    18    10
     6   -20    71    91    14    10
    -9     0    68    88    13    10
     3    -1   244   264    18    10
    -4    -6   198   218     8    10
     9    15    77    97    16    10
    -2    -3    35    55     8    10
   -29     8   123   143    16    10
    22    18   176   196    10    10
    13     0   194   214    13    10
    19    -5   150   170    18    10
    -3     0   137   157     5    10
     7    12    54    74     9    10
     3     6   119   139    16    10
    29    -1   220   240     8    10
    -1    -6   137   157     9    10
   -10   -15   211   231    14    10
    14   -12   169   189     8    10
    24    12   162   182     9    10
     0    10    84   104    14    10
    21    19   132   152    20    10
     0    24   118   138    13    10
    26    12   104   124    22    10
    -9    -8   212   232     7    10
   -20     9    30    50     9    10
    16     7    84   104    12    10
     9     3    41    61    11    10
    -6    12   126   146     6    10
   -23    -4    83   103    10    10
    -5     0   109   129     7    10
   -11    21    10
   -13   -20    10
    15   -17    10
     3    36     0
   -33    -8     0
