    -2    -7   161   181    19    10
   -18    -2   230   250    20    10
    16   -13   254   274    14    10
     2     7    78    98    15    10
    -7    -3   185   205    10    10
    21    13   137   157    24    10
    -3     9   147   167     7    10
     0     0   180   200     8    10
    -5     9    94   114     6    10
    12     9   206   226    19    10
    -2    16   121   141    21    10
     1    24    57    77    20    10
    -3    -2   153   173    20    10
    20     3    92   112    11    10
     4    -8   137   157     5    10
    26    -1    72    92    10    10
     5   -15    39    59    16    10
     8   -18   142   162    22    10
   -17    10   246   266    22    10
    -2    23   220   240    11    10
   -11     3   123   143    24    10
     2     4   133   153    21    10
     7     4   230   250    18    10
    25     4    43    63    13    10
     1    19    75    95    15    10
   -21   -18   250   270    13    10
    -3   -19   158   178    18    10
     3    18    62    82    20    10
     0     2    50    70    22    10
     2    -3   205   225    14    10
     5    21   179   199    11    10
     5     0   164   184    16    10
     3    13   163   183    16    10
    -9   -21   128   148    18    10
    -8    -5    27    47    14    10
     7   -23   216   236     6    10
    -3    -1   150   170     6    10
    -4    -1    77    97    17    10
    -5    15   161   181    22    10
    -3    -5    46    66    24    10
     0   -15   187   207    22    10
    -6     4   119   139    12    10
    -1     1   227   247    24    10
    -1     2   211   231    12    10
    -7     9   226   246    15    10
     9     3   229   249    13    10
   -21    14   102   122     6    10
   -14    -1   200   220    18    10
    -5    10   242   262    23    10
    -3     4    40    60    13    10
    21     7    10
   -22    12    10
    -2   -21    10
    21   -11    10
    35     4     0
    19    34     0
   -26    24     0
   -29   -22     0
     1   -34     0
    33    -3     0
