   -15    -4   157   177    19    10
     0    -1   195   215    21    10
   -21   -11    76    96    17    10
     3    -1   104   124     7    10
     7   -26   142   162     9    10
    21   -15   204   224     5    10
    15    -5    66    86    11    10
     9     2    40    60     9    10
     3    15   180   200    20    10
     3    26   248   268    21    10
    -4     2   177   197    19    10
    12     0   238   258     7    10
   -22    -3   137   157    14    10
     3   -17    85   105    23    10
    -1     4   134   154    19    10
    -1    -5   204   224    21    10
   -11    -7    75    95    16    10
   -10   -11   122   142    10    10
    -1   -18    48    68    11    10
   -22    15   121   141     6    10
     1     5    38    58    23    10
    -3    -2   240   260    10    10
     2    -6   153   173     9    10
    -3     4    32    52     9    10
    10   -27    95   115     7    10
     5   -22   181   201     6    10
     1    -1    79    99    15    10
    -2     0   121   141     8    10
     9    -1   164   184    14    10
   -17     2    83   103    18    10
     9    22    10
   -23     4    10
     2   -24    10
    -2    31     0
   -13   -27     0
