     6    -8    85   105    21    10
   -11    26    92   112    10    10
    -6    20   195   215    18    10
     2    19   257   277    22    10
    -2    20    91   111    24    10
    11     2    75    95    13    10
    19    -6   149   169    12    10
     8    13   186   206    21    10
   -15    -8   257   277     8    10
    -8   -18   255   275    16    10
     4     1    88   108     7    10
   -12    -5   136   156    14    10
    -5    24    71    91    21    10
     4   -28    68    88     6    10
    -2    -5   210   230    19    10
     9    24    86   106    21    10
     2     0   235   255    12    10
   -12    19   133   153    23    10
    -2    28    71    91     9    10
     9    -6   234   254    10    10
    -6    -3   127   147    10    10
     6     6   151   171    24    10
   -28    -4    25    45    21    10
     0     0   174   194    22    10
   -27     6   214   234     5    10
    10   -27   191   211    23    10
     2   -20   151   171    17    10
    12   -16   241   261     6    10
   -12   -23    21    41     9    10
    18    15    65    85     8    10
     1     0    38    58     6    10
    13    11   241   261    11    10
     8     7    91   111     8    10
    23    12   162   182     6    10
   -18     0   150   170    12    10
    21   -10   106   126    23    10
     0   -23   230   250    14    10
    10    22   135   155    23    10
     3     8   200   220    16    10
   -14    -8    91   111    22    10
     0   -24    51    71     8    10
    -1    -1   241   261    13    10
   -11   -13    58    78    19    10
   -14   -15    21    41     8    10
    -1    -4   132   152    24    10
    -1    15    58    78    12    10
     2    -2    81   101    13    10
     7     1   240   260    23    10
    16   -17   191   211    10    10
     4    26   102   122     7    10
    16    13    10
   -17    18    10
   -23     3    10
   -12   -21    10
    12   -19    10
    12    28     0
   -28   -13     0
    -9   -36     0
