    -8   -27   242   262    10    10
     4   -24   171   191    20    10
    -4    -1    66    86    13    10
     9   -12   131   151    23    10
   -10   -15   140   160    15    10
   -14   -24    73    93     8    10
     8   -28   190   210     6    10
    19   -11    95   115    10    10
   -19   -10   232   252    21    10
     0     0   149   169    10    10
    -3     2   155   175    17    10
     1   -13   240   260    17    10
    -2    26   107   127    22    10
    24     3    53    73    12    10
     6     3    50    70    16    10
    15    14    10
   -12    17    10
   -21     7    10
     7   -20    10
    11   -20    10
    29    22     0
   -30   -17     0
    34   -11     0
