     0   -19   140   160    22    10
    15   -10   211   231    20    10
   -22     2    30    50    21    10
    -8     8    78    98     6    10
     8     4    83   103    11    10
     4   -24   200   220    17    10
   -11    -9    26    46     9    10
     7    17    41    61     9    10
   -16   -16    50    70     9    10
    18   -20    83   103    12    10
    -2    -3   183   203    22    10
    16   -25   103   123     6    10
   -21    19   189   209    10    10
     1    -3   183   203    22    10
     1   -29    87   107    21    10
    -5     4   143   163     5    10
     1   -20    37    57    24    10
   -26   -11   133   153    19    10
     0     5    65    85     6    10
   -16    -5   123   143    12    10
    -6    18   167   187    24    10
     1     0   185   205    15    10
   -15    -9   189   209    23    10
     0     1   142   162    10    10
    -7     4   130   150     9    10
    -6     1   127   147     8    10
     7   -28   154   174    11    10
    -7     3   259   279     6    10
    21    -1   129   149    22    10
    10    -3   139   159    23    10
    -6    17   233   253    20    10
    -3    -9   100   120     9    10
    10    18   190   210    21    10
     4     7   225   245    10    10
   -11    -8   221   241    15    10
    25     0   152   172     8    10
    17    -6   191   211    14    10
   -15   -19   129   149    14    10
    26   -15   182   202    24    10
    -9    22   195   215    17    10
     9    -4   258   278     6    10
     0    20   246   266    13    10
     6    -5   147   167     9    10
    -8    14   149   169    11    10
     6     0   103   123    19    10
     9    -3   127   147    14    10
    -4    17   166   186    16    10
     7    19   219   239     6    10
    27    -2   175   195    13    10
   -27    12   133   153    21    10
   -13   -20    36    56    12    10
     2     2    87   107    19    10
    -8    13    68    88    23    10
    12   -14   221   241    12    10
    25    13   107   127    11    10
    22     9    49    69     5    10
     6    -7   175   195    10    10
   -23    -1   180   200    18    10
     1    -9    75    95    20    10
   -23    -6   238   258    13    10
   -21    14   132   152     8    10
   -16     4   125   145     5    10
     4   -11    64    84    20    10
     4     9   109   129    10    10
   -22     2    22    42    11    10
    -8    17    51    71    10    10
    14   -17   163   183     7    10
   -14     2    94   114    11    10
    23     5    45    65    12    10
     0     0   115   135    21    10
    10   -28    99   119    18    10
    -5     2   155   175    19    10
    20     9    79    99    20    10
     3    -5   213   233    17    10
   -22     6   249   269    10    10
    -3    10    32    52    22    10
    -5     6    90   110    14    10
   -20    17    59    79    22    10
     2    19   140   160    20    10
     2    18   223   243     7    10
    14    25   212   232    13    10
     2     1   234   254    23    10
    19   -21   207   227    12    10
     9    -1   101   121    14    10
     6    -7   225   245    19    10
    -1    29   125   145    11    10
    25    13    88   108    13    10
   -11    -8   130   150    17    10
    -6   -12   138   158    23    10
    25    12   212   232    13    10
    -1    15   172   192     9    10
    16    11   244   264    14    10
    -5     8   187   207    21    10
     6    -5    38    58     8    10
     4     7   161   181    14    10
     1     1   180   200    16    10
     4   -13   244   264     6    10
    10     5    40    60     8    10
   -11    -8   169   189     6    10
     0    -7    44    64    16    10
    -8    24    10
   -18   -11    10
    20   -12    10
    -6    34     0
   -35   -14     0
