     13     3    74    94     7    10
    14     4    22    42    22    10
     0    -3   112   132    18    10
    -2    14    36    56    21    10
     5   -24   165   185    11    10
   -23    10   236   256    15    10
    -4    13   206   226    19    10
    -5    -6   181   201    19    10
   -21    20   166   186    24    10
     2    -4    89   109     5    10
    23    -4   256   276     9    10
    -6   -21    76    96    23    10
    15    21    64    84    24    10
     1   -26   144   164    20    10
    -2    -3    40    60    15    10
     6    21    10
   -24     2    10
    -9   -22    10
    16   -13    10
    26    30     0
    -7    30     0
   -31    21     0
   -30   -17     0
    11   -35     0
    30   -16     0
