     9    11   217   237     6    10
    -3    11    47    67    16    10
    -7   -21    53    73     9    10
    -1     2   185   205    20    10
   -10   -13    55    75     8    10
     7     9   114   134     9    10
   -11    11    27    47     7    10
    -4   -26   133   153    18    10
    -5    -2   189   209    15    10
     9   -28   111   131    23    10
    -6   -21   165   185    18    10
     6     4    24    44    10    10
    -7     3   258   278     5    10
    -1     2   205   225    22    10
    -9   -15    78    98     6    10
     4     1    44    64    21    10
   -20     0   258   278    10    10
     5    -1   147   167    11    10
    18     2    46    66    22    10
     4   -21    83   103     8    10
     0    -1   224   244     7    10
    22    13   218   238    16    10
    -7     2   195   215    17    10
    -1     0   117   137    20    10
   -25    -7   228   248    12    10
    -3    -3   213   233    12    10
     0    -1   239   259    16    10
    -9     2    69    89    22    10
     4     0   212   232    15    10
     2     2    53    73     6    10
    -2     7   241   261    19    10
    11     6   101   121    12    10
    24    -5   133   153    18    10
     0     0   119   139    12    10
    -8    -2    28    48    10    10
    -1     9   141   161     9    10
     0    -1   191   211    11    10
     1    -2    99   119    11    10
    26   -15   103   123    24    10
   -13    -2    93   113    18    10
     1   -23   161   181    11    10
    19     8   187   207    11    10
    -2    -9   244   264    19    10
     2     9   231   251    12    10
     5    -3   249   269    24    10
    13   -26    81   101    10    10
    -2    14    95   115    22    10
   -15   -15   111   131     6    10
    -2    -2   100   120     6    10
     0    -2    95   115    20    10
     7    20    68    88    10    10
    -3    10    88   108    18    10
   -10    -1    37    57    23    10
   -10    22    64    84     8    10
   -11    -2   167   187    11    10
     5     3   132   152     7    10
     6    -6   223   243    20    10
    17   -22   126   146    24    10
    20    -6    78    98    11    10
   -26     4    49    69    18    10
    -5    -6   131   151    21    10
    16    -7   260   280     8    10
    29     1    66    86    23    10
    -5    -4   139   159    17    10
   -11   -28   253   273    20    10
   -23    12   252   272    17    10
     1     4   253   273    24    10
   -11   -15   119   139    24    10
    29    -1    42    62     7    10
     0    -4   109   129    14    10
    -1     6   224   244    16    10
     7   -15   170   190    10    10
    14   -26   249   269    15    10
    14     2   175   195    21    10
   -11    13   138   158     6    10
   -12   -23   256   276    11    10
    15    -4    57    77    14    10
    -1     4   250   270     7    10
    13    14   241   261    23    10
    -2    10   117   137    24    10
     2    -6    48    68    21    10
    -2    -3    98   118     5    10
     3     1   210   230     5    10
    -3     3   179   199    11    10
    -4    -4   206   226    10    10
    -9    -2   159   179     5    10
   -15     1   251   271    18    10
    -4    -1   255   275    14    10
     5   -21   154   174    10    10
     1    -4    45    65     7    10
    16     3   119   139    24    10
   -13     2   130   150    18    10
     5   -10   186   206    20    10
     2    -1   120   140    22    10
   -19    -4   125   145     5    10
    21    13    86   106    13    10
    -4   -21   219   239    22    10
   -14    18   150   170     8    10
    -6     6    61    81    12    10
    -1    -4   201   221    20    10
    23     2    10
    -1    21    10
   -20   -14    10
    11   -20    10
    28    22     0
   -11    30     0
   -29    23     0
   -38   -12     0
   -12   -33     0
    26   -21     0
