    11     0   188   208    14    10
    18    21   237   257     8    10
    -1    -3   177   197    12    10
   -23    -7   226   246     5    10
   -22     9   130   150    15    10
    -1    24   226   246    23    10
   -20    -3   106   126     8    10
     1    10    48    68    23    10
     6    25   227   247     7    10
    -8   -22   187   207    19    10
     2    -4   254   274    13    10
    27    10    52    72    19    10
    15    10   132   152    24    10
    -7    17   138   158    24    10
     6     3   146   166    12    10
   -14   -23   214   234    22    10
     0     0   111   131    13    10
   -29     4    64    84     5    10
    16    -3   204   224    24    10
   -19   -10   257   277    12    10
     5     1   111   131    13    10
     3   -11   237   257    16    10
    15   -18   158   178    22    10
     9    -6   218   238     7    10
    -1     0    36    56    23    10
     1    -4   215   235    10    10
    -9    -8   105   125    12    10
     1     0   172   192    14    10
   -12     0    36    56     9    10
    -8    -3   148   168    14    10
    23     6    10
    -6    21    10
   -18     8    10
   -14   -15    10
    22   -11    10
    -1    35     0
   -35    -2     0
    34   -15     0
