     1     0   138   158    12    10
    20    17   106   126     9    10
     0     3   149   169    21    10
     3    -5   189   209     9    10
   -14    19   192   212    18    10
   -15   -25   209   229    10    10
     8    -1   152   172    14    10
     3    -6   226   246    10    10
     0   -11   180   200    21    10
    -4    -1   117   137     7    10
   -15   -15    45    65    10    10
    27     6   252   272    24    10
     3     8   150   170    14    10
   -18    15   192   212     8    10
   -16   -15   259   279    20    10
     6    20   148   168     9    10
     0     0   199   219    13    10
    21     8   109   129    10    10
    -3    24   161   181    15    10
    11   -26    82   102    22    10
     7    10   182   202    22    10
    -6   -21    70    90     6    10
     2    -1   141   161    19    10
    -1    23   205   225     6    10
     4     2   225   245    23    10
    22     2    60    80    15    10
    18    -2   183   203    13    10
     6     3    53    73     9    10
     0     5   104   124    19    10
   -14    10   250   270     9    10
    -2     1   179   199     6    10
    24    13    80   100    13    10
     0     4   144   164     8    10
     2     3   161   181     8    10
     1   -28    86   106    22    10
    -4    -4   251   271    14    10
    -3    24    32    52     7    10
     1   -30   177   197    23    10
     1     2   158   178    11    10
    -3   -27    35    55    18    10
    -9    11   102   122    11    10
     7   -22   141   161    21    10
     3    -6    51    71     5    10
    -4    17    41    61    22    10
   -11   -12    63    83    19    10
   -17     4    56    76     9    10
     5     3   161   181     7    10
     0     0   232   252    10    10
   -22    10   189   209    14    10
   -13    -4    33    53    15    10
   -15    -9   160   180     6    10
     2   -18    33    53    18    10
   -28    -1   201   221    11    10
    -7   -22   179   199    24    10
    -1     0   247   267    16    10
   -25    -5    60    80    15    10
     4    27   126   146    23    10
   -21   -11   217   237    14    10
   -12   -20    73    93    11    10
     4   -23   208   228     6    10
    -1   -15    44    64     9    10
    25    13   246   266    19    10
    19   -23   140   160    22    10
   -11    -5    99   119    17    10
     6    19   147   167    21    10
   -10     1    26    46     6    10
     5    -4   157   177    21    10
     3    -1   198   218    23    10
     0     0   147   167    17    10
    -4    -7   134   154    18    10
    18   -23   111   131    18    10
     1     3   247   267    13    10
    -5    -1   208   228    11    10
    -5    16   192   212    21    10
    -6    27   211   231    22    10
    22   -16    56    76    22    10
    -1    10    26    46     7    10
    29    -2   180   200    20    10
   -11    13   188   208    11    10
     1    22   244   264    16    10
    17     7   148   168    11    10
   -22    -4   250   270    11    10
    14     8   110   130     9    10
    15    24    61    81     9    10
     3   -15   245   265     8    10
     0     0    27    47     9    10
    -2     1    74    94    17    10
   -14     0   197   217    12    10
    -7     7    99   119    18    10
     3     3    21    41    10    10
    -4   -12   209   229    19    10
     1     9    38    58     5    10
    14    14   183   203    14    10
     2     9   110   130    24    10
    -8     5    37    57     8    10
   -11   -24   143   163    16    10
     0   -24   164   184    19    10
   -25    -3   142   162     6    10
     3   -13    70    90    17    10
   -13    -9   128   148    17    10
    14    15    10
    -8    19    10
   -23     2    10
     6   -21    10
    23    -8    10
    26    15     0
   -39     2     0
    27   -14     0
