     3     7   196   216    11    10
     5     3    79    99     9    10
     8    25    33    53     5    10
    -4     1   188   208     9    10
    26     9   143   163     8    10
    -6     2    80   100    15    10
   -10   -12    51    71    12    10
   -18     3   104   124    16    10
   -23    18    95   115    16    10
    21   -21    80   100     7    10
   -13   -19    49    69    10    10
     0     9   194   214    16    10
   -10    -4   172   192     6    10
   -18     8    85   105    16    10
   -27   -11   254   274    16    10
    19     3   134   154    17    10
   -24     9   210   230    23    10
   -25     9   113   133    15    10
    22    -6    59    79    23    10
    -5    -2    64    84    15    10
    24    -8   112   132    20    10
    13    -3   122   142     8    10
    13    17   258   278    17    10
   -13   -10   188   208    10    10
     0     0    21    41    20    10
     5    28   131   151    19    10
    -1    -1    84   104    19    10
     0     0    97   117    21    10
     1     0    95   115    17    10
    14     3    57    77    10    10
    20     9    10
     4    21    10
   -20     6    10
     6   -21    10
    12   -17    10
    25    28     0
   -30    17     0
     7   -29     0
