    -1     5   127   147    21    10
    -6    -3   234   254    21    10
    -7     7   107   127     7    10
    -3    13   109   129    20    10
     5    -7   232   252    16    10
     3     5   175   195    15    10
    15    19    38    58     8    10
    -3    -1   104   124    24    10
    -6    25    97   117    20    10
    -2   -21   139   159    11    10
    -5   -10   156   176     7    10
   -22    -2   241   261    24    10
    -8   -18    41    61    13    10
   -22    19   203   223    10    10
     1     2    46    66    24    10
    -2   -18   143   163     6    10
   -17   -10    33    53     8    10
    -5    -7   123   143    22    10
    -1     3    78    98    19    10
     3   -20   125   145    13    10
    -1    10    90   110    11    10
    -4   -13   181   201    22    10
    -2   -17   162   182    19    10
    -4     2   105   125     7    10
     3    -3   152   172    16    10
    -7     0   192   212    19    10
    20    -4   143   163    20    10
    25   -16    27    47     8    10
   -19   -22   151   171     6    10
    25     0    33    53    12    10
    -2   -10   142   162     8    10
     7    -1   125   145    22    10
    15     7    33    53     9    10
    -5     5   233   253    19    10
    11     6   143   163     9    10
     2    13    52    72    20    10
    21    15   219   239     7    10
    14    16   253   273    19    10
    -9   -10   247   267    15    10
     4     5   256   276    10    10
    -8    19   100   120     7    10
    -5     6   186   206    21    10
    -1   -23   161   181     8    10
   -16     5    63    83    20    10
    20    19    81   101    16    10
     1    -1   147   167     8    10
    -2    -5    90   110    15    10
     6     9   156   176     9    10
     1    -1   230   250    17    10
   -23    -1   205   225    11    10
     7    20    10
   -14    16    10
    -7   -23    10
    21    -4    10
    34    14     0
     9    32     0
   -18    27     0
   -38    -9     0
    11   -38     0
    31   -18     0
