     0   -19   245   265     5    10
   -12    -6   218   238    24    10
    -5   -18    36    56    10    10
     1    -1   225   245     6    10
     9     9   212   232    18    10
     2     1    86   106    14    10
    -1     7   113   133    16    10
    13    10   256   276    11    10
    14    -8   144   164    15    10
     3   -20   249   269    19    10
    -5    -2   100   120    12    10
     5    15   154   174    14    10
    -4   -10   161   181    20    10
    -9    10    52    72    17    10
   -18   -16    32    52    15    10
     7   -28   137   157    24    10
     0     1   215   235    18    10
     7    -6   173   193    21    10
     9   -13    27    47    12    10
    -2    12   255   275    18    10
     2     0    85   105    14    10
    -3   -16   168   188    20    10
     1     6   160   180    20    10
    13     4   168   188    13    10
    -1   -19   216   236    20    10
     0    -4   114   134    21    10
   -20    12   240   260    19    10
    -1    -1   133   153    17    10
    -1     6    61    81     8    10
    -1    -4   106   126    17    10
    13     5   187   207     5    10
     1    -2    88   108    24    10
   -14    15   150   170     9    10
     5     8   249   269    11    10
     6    -9    82   102    12    10
    14    14   193   213     5    10
     3    -1   222   242    15    10
     7    -8   185   205    10    10
     7   -21    96   116    24    10
   -17   -13   185   205    12    10
   -27    10   125   145    17    10
     6   -12    73    93    21    10
   -17    11    82   102    23    10
    -1    10   185   205    22    10
    -6   -20   138   158    15    10
   -15   -13   151   171    23    10
     4    -8    23    43    17    10
     1     5    84   104    15    10
    -2     1   222   242     6    10
   -13     6    62    82     9    10
    22     2    10
    -6    20    10
   -18    -9    10
     1   -22    10
    15   -17    10
    19    34     0
   -29     7     0
    30   -22     0

