     1    -2   221   241    10    10
     0    -8   132   152    20    10
     4    -3    74    94    10    10
    26    12   210   230    19    10
     0    -8   253   273    21    10
    -4    -1    58    78    13    10
    10     9    39    59    12    10
    20     3   252   272    14    10
     3    24   140   160     6    10
   -16     3   101   121     5    10
    21    -2    67    87    22    10
     3   -10   192   212     6    10
     7     2   178   198    18    10
     0   -21    73    93    16    10
    28     9   196   216    16    10
    10    -5    96   116    21    10
     1    -2   223   243     7    10
     1   -12   197   217    22    10
    -5   -23    80   100    17    10
   -18   -17   155   175    10    10
     0     0   229   249    20    10
     9    -1   191   211     7    10
    12     9   171   191     6    10
   -11   -17   152   172     8    10
    -1     0   241   261    13    10
     2     0   100   120    22    10
     9    -1    34    54     9    10
    -1     1   246   266    21    10
    -1    20    52    72    23    10
   -13    10   246   266     9    10
     4   -18   130   150     6    10
   -10    -4    68    88    18    10
    -5     1   149   169    18    10
   -16   -23   125   145    10    10
    -3     1   131   151     7    10
   -12     7    61    81     7    10
    22    -3   220   240    20    10
     2     3   113   133     6    10
   -22    16   120   140    12    10
   -28     0    63    83     5    10
    15     8   173   193    23    10
    14    13   249   269    19    10
   -29    -1    98   118    23    10
    -3    -3   157   177     5    10
    -5     3   255   275    11    10
    -1     0   150   170    20    10
    29    -2   190   210    13    10
    11   -13   172   192    13    10
    18     3   246   266    11    10
    18   -23   206   226     5    10
   -14    16    41    61    13    10
   -22    15   206   226    15    10
     8    12   111   131    23    10
   -12    -3    72    92    20    10
    -5     5   229   249    14    10
    -6    -2    46    66    24    10
    -1     8    92   112    20    10
   -13    25    27    47    23    10
    29    -8   148   168    23    10
    -4    -5   191   211    15    10
    15     0    36    56    16    10
   -19    -8    43    63    22    10
     3     3    84   104    21    10
    13    -2   228   248    13    10
    26     4   235   255    18    10
    23     3   129   149    14    10
    16     1   199   219    11    10
     1   -10    86   106    14    10
    16     6   255   275     5    10
     5   -10   212   232    14    10
    -2    -2   114   134     5    10
    16     6   194   214     6    10
     1    -9    70    90    14    10
   -24    13    78    98     6    10
    28     2   222   242     9    10
    -1    -4   120   140     6    10
    -6   -15    91   111     7    10
    -8    -2    65    85    20    10
    14    -2   141   161    23    10
    -1    19    75    95     9    10
     4    23   205   225    16    10
    28     8   230   250    22    10
     7    21   111   131    12    10
     8    -4    53    73    23    10
   -18    -2   145   165    20    10
    11    -1   132   152    24    10
    15     5    45    65     5    10
    -9    -2   235   255    24    10
     0     0    97   117    19    10
   -21    11    93   113    19    10
   -14    -9   170   190    17    10
    -1     1   108   128     8    10
   -13     6   160   180     9    10
   -24     7    39    59    10    10
   -17     1   258   278    18    10
    -1     2    91   111    21    10
    -4    -5   162   182     6    10
    10     7   158   178    18    10
    22    -5    71    91     9    10
   -12    -8   210   230    14    10
    16    15    10
   -13    19    10
   -19     6    10
     0   -21    10
    22    -8    10
   -12    36     0
   -36   -16     0
    35    -2     0
