    15    -2   187   207     5    10
    22    -8   194   214     6    10
   -14    19   187   207    21    10
   -25    -3   159   179    20    10
     0     0   155   175    10    10
    16     1    67    87    19    10
   -21    -2    82   102    17    10
     9    -4   137   157     9    10
    17     5   166   186    20    10
    -1   -11    75    95    15    10
    21     8   222   242    16    10
    13   -15   123   143    24    10
    -1     5   176   196    15    10
    -7   -29    35    55    24    10
    20    14   134   154    11    10
    -1   -24   131   151    19    10
    16   -15   259   279    13    10
   -14   -21    26    46    23    10
   -17     4    37    57    13    10
   -15    -9    38    58    16    10
   -12   -14   164   184    12    10
    -9    10   258   278     7    10
    -9   -17    38    58    16    10
    25   -14   249   269    16    10
    22    -1   199   219    10    10
   -11   -10   244   264    21    10
    11   -18   191   211     5    10
     1    -4   207   227    19    10
    19     0    99   119    20    10
     1     2   139   159    19    10
   -16   -18   207   227    14    10
   -25   -10    45    65    17    10
    11    23   180   200     8    10
   -24    -7   177   197     8    10
     3    13   259   279    19    10
    17     6    89   109    21    10
   -28    -7   234   254    13    10
     1     6   124   144    24    10
    13    21   243   263    13    10
    -4    14   141   161     6    10
   -25     4   239   259    21    10
   -12    11   186   206     5    10
    -2     1   135   155    12    10
   -25    -9   207   227    14    10
    -8   -23   238   258    19    10
     6   -11   249   269    18    10
     3     7   240   260    24    10
     0     9    53    73     7    10
     9    25   122   142    20    10
    16     8    95   115     7    10
    24    -5   141   161    21    10
    18    -9   206   226     7    10
    14    23    22    42     8    10
     8    11   118   138    15    10
   -14     9   173   193     7    10
    13    11    96   116    16    10
    18    -9   113   133    19    10
    -2    -1   129   149    20    10
     1    27   168   188    23    10
    -5     8    47    67    16    10
     7    -5    84   104    16    10
    -9     5    97   117     8    10
    -1     4   238   258    18    10
     7     1   169   189    16    10
    -6    -1   171   191    21    10
     9    -2   188   208     9    10
    -7    12    24    44    19    10
   -25     7   224   244    23    10
    10    13   175   195     5    10
     5    -4    94   114    18    10
     9     5   239   259     7    10
     0     0   221   241     9    10
     3     1    44    64    16    10
    15    19    64    84    19    10
    15     9   258   278    21    10
    -3     0    75    95     6    10
   -16    15   123   143    12    10
     6   -12    23    43     8    10
     0   -16   175   195     6    10
    -2     7   234   254    12    10
    10    -3    87   107     9    10
     4     9   150   170    24    10
     5     8   104   124    11    10
    10    11   163   183    16    10
    -6     7   178   198     7    10
   -19     1    32    52    21    10
    25    15   103   123    11    10
   -27   -13   208   228    12    10
     6   -10   170   190    24    10
    20    12   226   246    20    10
    18    -9   228   248    10    10
    -4    -4   104   124     5    10
     4     5   156   176    22    10
     6    16   246   266     7    10
   -21   -16   243   263    24    10
     0     0   149   169    14    10
    -3    -3    23    43     6    10
     9    -4   159   179    22    10
   -17    -6   190   210    16    10
     0    -2   228   248     7    10
     1    24    10
    -7    22    10
   -20    -8    10
     2   -22    10
    28    21     0
     1    39     0
   -35    16     0
   -30   -17     0
    -2   -39     0
    28   -18     0
