     0     9   102   122    14    10
    21    -9   226   246    20    10
     0     7   248   268     6    10
   -25    -2   113   133     6    10
    -8    15   159   179     5    10
    -1    -6   197   217    15    10
    -3    26    85   105    15    10
    24     0   248   268    12    10
     1     0    52    72    14    10
     0     0    75    95    23    10
    -4   -20   161   181    22    10
    -3     2   152   172    22    10
    -1    -2   175   195    23    10
    16   -24   197   217     7    10
    -1     1   147   167    12    10
     2    24    10
    -5    22    10
   -19   -10    10
     5   -23    10
    29    24     0
    -2    36     0
   -30    14     0
   -21   -24     0
    13   -30     0
    32    -8     0
