     6   -11    77    97    16    10
     2    -9   113   133    24    10
    -3     3   163   183    20    10
     2   -17    60    80    20    10
     4    -6   148   168    23    10
    20    21   105   125    11    10
   -13   -21   238   258    10    10
   -22     9   239   259     9    10
    -3    -8   151   171    17    10
    -4    -4   104   124     7    10
     2     4    50    70    16    10
     5   -11   164   184    14    10
    15    -6   231   251    12    10
    -7   -14   164   184    16    10
   -14    -1    28    48    12    10
   -13    12   136   156    20    10
    -2     1    72    92     8    10
     9    17   211   231    17    10
   -14     8    53    73     5    10
   -13    12    64    84    16    10
    14   -18    99   119     7    10
    25    14   128   148    15    10
     5     3   213   233    20    10
    -3     8   246   266    19    10
    26     6   219   239    15    10
     3   -14   164   184    14    10
    -2    -2    69    89    21    10
    -9    24    73    93    14    10
   -26     0   208   228    19    10
    -7    -3   201   221    14    10
    14    17    10
   -16    13    10
   -12   -19    10
    15   -15    10
    25    31     0
   -17    36     0
   -33     0     0
   -30   -22     0
   -11   -31     0
    34   -10     0
