    -8    -2    30    50    10    10
     9    -3    62    82    17    10
   -16     3   163   183    18    10
    -8    -1    86   106    22    10
    -2    -6   249   269    20    10
    -7    -9   157   177    12    10
     6    -7   231   251    16    10
     5    11    60    80    15    10
   -14     0   135   155    20    10
    11    -4    71    91     5    10
    -4     3   109   129    21    10
     2     6    34    54     9    10
    -1     0   104   124    12    10
    -5   -10    27    47    14    10
    10   -16   172   192    17    10
    20     3    10
    -8    23    10
   -19   -12    10
    -3   -22    10
    18   -17    10
    34    12     0
   -27    17     0
     1   -32     0
