   -20    17   175   195    23    10
     5    12    22    42    15    10
   -20   -22   131   151    13    10
     9     4   191   211    14    10
     5     5   156   176     6    10
     0     0    50    70    17    10
    14    19   128   148    13    10
    -9    25   133   153    14    10
     0    -2   249   269    10    10
     5   -27   171   191    21    10
     1    -1   116   136    20    10
    23     3    90   110    21    10
     6     3   207   227    24    10
    -5    -7   152   172    13    10
     1     1    63    83     9    10
    -1    -1   149   169    24    10
    20     8   201   221    14    10
     7   -19    69    89    18    10
    -4    -1   227   247    18    10
    19     5   109   129    24    10
    15    -5    85   105    18    10
   -13    25   167   187    23    10
   -20    -4   128   148    19    10
   -15     5   182   202     6    10
    -6   -17   119   139    19    10
     8    -8   122   142    11    10
    11    26   174   194    15    10
     6    -3   150   170     6    10
    -5   -23   259   279    19    10
    -9    10   131   151    10    10
     2    -1   185   205     5    10
     1     2    94   114    17    10
   -20    -8   188   208     5    10
   -13   -21   205   225     5    10
    21    20    86   106    15    10
     3     2    62    82     6    10
   -17   -18    83   103    12    10
     0     9    83   103    17    10
     7    -8   146   166    13    10
   -14   -23   106   126    18    10
     4    -7   191   211     6    10
    21    -9   245   265     8    10
   -14    -6   259   279    12    10
   -17     3   223   243    24    10
    -3    25   184   204    14    10
    -3     0   169   189    13    10
    -3   -13   206   226    21    10
   -22     3   182   202     9    10
    25    -3   213   233    23    10
    -1     0    94   114    15    10
    10    21    10
   -20    -6    10
    16   -15    10
    17    34     0
     6   -31     0
