    14     1    52    72     7    10
    -3     1   208   228    10    10
   -10    -8   228   248    23    10
    24     0    71    91    19    10
    17   -20   110   130    23    10
     0     0   178   198     6    10
   -19   -14   215   235    22    10
     3    -4   231   251     8    10
   -15    22   237   257     6    10
     0     1   113   133    13    10
   -11   -27    99   119    15    10
    -2     2   251   271    23    10
    18   -24    49    69     5    10
   -17    21   193   213    14    10
     7    27   259   279     8    10
    -1    -1   235   255     7    10
    17    -9    26    46    18    10
    -1     2   206   226    20    10
    -6    -6    39    59    24    10
    -6    -2   136   156    14    10
     9    16   252   272    22    10
    18    17   138   158    24    10
   -10     4    64    84    21    10
    25     3    34    54     9    10
     6    29   188   208    20    10
    16    10   258   278    11    10
    12    14    71    91    18    10
     1    -9   131   151    22    10
    -8   -12   200   220    19    10
     2    -3   187   207    13    10
    22     7    10
   -24     2    10
     2   -22    10
    29    18     0
    35    -4     0
