    -9   -12   113   133    17    10
    14    21   225   245    23    10
    -9   -27   215   235     7    10
    -1   -22    36    56    16    10
     0     6    76    96    18    10
    11    -6    40    60    14    10
     5    12   189   209    18    10
   -13   -24   133   153    20    10
     7    -4    72    92     8    10
   -21     5   141   161    22    10
     6   -18   242   262    21    10
    -5    -1   226   246    12    10
    16   -21   238   258    19    10
    -4    15    65    85    15    10
     2    12    75    95    16    10
     6    22    10
   -13   -17    10
    21    -2    10
    -4    33     0
    -9   -37     0
