     1     0    69    89    12    10
    -3   -19    99   119    10    10
     8   -13   256   276    11    10
    -5    21   196   216    19    10
    13    -9   147   167    14    10
   -14    25   217   237    20    10
     7    25   158   178    19    10
    -8    15   121   141    16    10
     6   -18   102   122    20    10
   -16    19   217   237     5    10
   -18    17    55    75     7    10
    -5    23    29    49     6    10
   -23    12   119   139     8    10
   -20     4   222   242    23    10
    29     5   233   253     5    10
     4     2   245   265    17    10
     1     3   248   268    10    10
     3    -1   218   238    16    10
    -1    -3   108   128    12    10
    26    -5    97   117    23    10
    -4    -5   226   246    19    10
     9    12   195   215    11    10
    -9    24    95   115    14    10
    13     5    46    66    11    10
    15   -18   154   174    12    10
    22     2    67    87    20    10
   -12     4   254   274    20    10
    -2    -4   229   249    13    10
    17   -14   113   133     7    10
   -22    19    81   101    21    10
     6    -1    30    50    16    10
    13   -20   218   238    10    10
     2     6   152   172    21    10
    -2     0    47    67    24    10
    -8    17    52    72    10    10
    -6   -11   236   256    12    10
    21    20   166   186    20    10
   -17    -9   255   275     8    10
    17     5   219   239    19    10
    16   -23   225   245    16    10
     0    10   163   183    23    10
     9   -10   258   278    20    10
     4    12    89   109     9    10
    27    10   134   154    21    10
    20    -9   170   190    14    10
    -7    -1    61    81    20    10
     1   -11   118   138    10    10
    -7     5   212   232    15    10
    -7   -11    44    64    15    10
    -1   -11   128   148    19    10
     8     7   159   179    13    10
    15   -18   131   151    22    10
    -6    -3   137   157    24    10
   -11    11   205   225    10    10
   -20     7   249   269    16    10
    -5   -25    28    48     7    10
     0    -3   171   191    10    10
    -1    11    75    95    24    10
     4    23    96   116    14    10
    10     0   134   154    11    10
    23   -16   173   193    19    10
    -1    -9    92   112    10    10
   -17   -10   141   161    16    10
     3    -2   171   191     5    10
    -6     0   104   124    22    10
     3    -1    50    70     5    10
    10   -23   112   132    24    10
    -2    22   208   228     8    10
   -20     4   100   120    13    10
   -16    -4   218   238     6    10
     0    -1   117   137    14    10
     6    -2    91   111     5    10
    -1     0   133   153     9    10
     0    -7   246   266    12    10
   -10    16   186   206    16    10
   -12    14    86   106    19    10
   -17     8    41    61    24    10
     3     5   229   249    10    10
     6   -15   198   218    12    10
     4   -26    99   119    22    10
     4    -3   182   202    18    10
    16    -8   121   141     8    10
   -20    19   168   188    10    10
     6    -6   112   132    20    10
    -8    -4    49    69    22    10
    -5     9   111   131    16    10
   -19    -9   208   228    10    10
     8     8   150   170    20    10
    -6   -12   156   176     5    10
     0     0    63    83     7    10
    -7   -10   123   143    15    10
     0    15    27    47    19    10
    -9    10   206   226     8    10
     2     5   170   190    12    10
    19    14   120   140     7    10
    -8   -14    66    86    10    10
    -1     5    43    63    22    10
   -12    -5   176   196    19    10
    17     2   198   218    14    10
    15   -13   154   174     5    10
    -6    20    10
   -22     4    10
     1   -24    10
    18    30     0
     8   -29     0
