   -12    10   256   276     6    10
   -11   -27   157   177     5    10
    18    -9   246   266    20    10
     0     0   165   185    21    10
   -10    13   116   136    17    10
   -10     6   223   243     7    10
    -9    10   178   198    15    10
     0    10   176   196    20    10
    -6    -9   119   139    23    10
    -9     8    54    74    17    10
   -23     6   111   131     7    10
   -10     4    25    45    17    10
    -1   -12    29    49     8    10
   -17   -16   185   205    15    10
     8   -16    46    66    13    10
    22     1    10
   -12    16    10
    -9   -22    10
     9   -18    10
    32    11     0
    -3    35     0
   -33     0     0
   -31    -1     0
    -9   -32     0
    25   -17     0
