    21     9   151   171    18    10
     3   -25   232   252    17    10
     0    -7   203   223    11    10
    -4   -21   225   245    20    10
     1     1   113   133     8    10
    -7   -20    50    70    13    10
    10    -2   186   206     5    10
    11     8   196   216    19    10
     4    -2    62    82     5    10
   -28    -2    69    89    17    10
     3     1   186   206    24    10
     2   -13   175   195    10    10
    -8    18   217   237     8    10
    -2     2   152   172    24    10
    19    15   227   247    10    10
     7    28    74    94     9    10
   -16   -14    40    60    20    10
   -21     1    47    67    10    10
     6     8    32    52    23    10
     6    23   132   152    17    10
     4    -2    56    76     8    10
    -2    -6    59    79    17    10
     2     1   192   212    23    10
    -2    -1   150   170     6    10
     7    -2    88   108    11    10
     0     1   175   195    23    10
    28     7   234   254    10    10
    10    -1    65    85    14    10
    -9   -20   152   172     7    10
    -8     6    47    67    20    10
    -9    -1    58    78    19    10
    -4    12   177   197    24    10
    22     7   162   182    12    10
    -7    28    64    84    16    10
   -17   -17   191   211     8    10
    -5    -6    77    97    13    10
   -17   -18   134   154     8    10
   -13    11   166   186     5    10
    12     4   137   157    11    10
     2    -3    98   118    18    10
   -11    15   161   181     8    10
    -6    10   229   249     5    10
    -8    -8   103   123    16    10
    -1     6    35    55    24    10
     2     2   164   184    19    10
    -4    -3   104   124    16    10
     3     1    98   118     8    10
   -22    12   148   168    21    10
    -8    -8   145   165    17    10
     6     5    37    57    10    10
     7    19    10
   -19     7    10
    15   -16    10
     4    40     0
    33   -14     0
