     5    -5   199   219     8    10
   -18    19   131   151    17    10
    17    -1    81   101    24    10
   -18    -3   183   203    22    10
   -16    -7   157   177    11    10
     1    -1   238   258    19    10
     2     1   133   153     8    10
    -8   -12   147   167    22    10
    15     0   144   164    18    10
     8     2    36    56    13    10
   -17   -23   230   250    23    10
    27     8   176   196    16    10
   -12    13   133   153     5    10
     9     8   226   246    11    10
    18   -17    90   110     5    10
   -10     5   151   171    12    10
    -1    22   245   265     9    10
    19    11    94   114     8    10
     6   -11   216   236    14    10
    12    25   166   186    21    10
     4   -16   157   177    23    10
   -14    -6   207   227    21    10
    -5   -25   162   182    20    10
   -24    -2   116   136    23    10
    13   -20   202   222    16    10
     8     9   204   224    14    10
     2     2   189   209    24    10
   -17   -21   133   153     6    10
     4    23    90   110    16    10
   -23     9    82   102     9    10
     9    13    45    65    19    10
     5    -1   199   219    10    10
    19   -19    38    58     7    10
   -16     4   174   194    22    10
    -2    -2   168   188     5    10
   -14    24   139   159    15    10
    29     6   233   253    20    10
   -19   -21    71    91     8    10
     0     1   257   277    14    10
    14     8   216   236    22    10
   -20     8    82   102    21    10
    16     8    65    85    10    10
     1    -7    25    45     8    10
   -14    14   198   218    10    10
    -6    -1   103   123    23    10
    -1   -18   102   122    12    10
   -13    12   201   221    11    10
    -5    20   225   245    10    10
    -8    -4   239   259    17    10
    -2    -3    56    76     5    10
   -11    -7   191   211    18    10
     9     4   139   159    17    10
    28   -10   104   124    22    10
    19    11   153   173    13    10
    -3    -2    72    92     6    10
    -3    28   149   169    11    10
     0     0   208   228    10    10
   -14   -21    71    91     7    10
    -9     2   202   222     7    10
    26    -8   189   209     8    10
    -4    -1    70    90    20    10
    -5    -7   118   138     9    10
    -1    17   123   143    17    10
     6    -5   127   147     9    10
   -20     8   194   214    23    10
    11    13   121   141    13    10
    -2    16   123   143     5    10
    -4   -28   120   140     5    10
   -27    10   211   231    11    10
     8    12   151   171     6    10
     7    20   167   187    23    10
     2    10   132   152    20    10
    18     2   167   187     6    10
     9    -4   170   190    21    10
    -7    15    50    70    18    10
   -10    18    75    95     5    10
     1    -2   136   156    24    10
    18     2    55    75     5    10
    -2    -7    42    62    11    10
   -13    -2    80   100    16    10
     4    -6    92   112    22    10
    -7    -2   242   262    11    10
   -18    14   103   123    20    10
    20   -19   189   209    22    10
    -6   -15    39    59     9    10
    -2     3    99   119    20    10
   -20    -8    82   102    14    10
    -5    14   174   194     9    10
    -7   -19   151   171     8    10
     6    15    42    62    15    10
    -2   -13   162   182     6    10
    -1    -5   219   239    10    10
    17    16   207   227    15    10
    18    -5   173   193     6    10
    18    -7   132   152    23    10
     0     1    50    70    15    10
    -4     5   247   267    22    10
     6   -19    26    46    14    10
    22    -3    98   118     7    10
   -11    13   126   146    12    10
    23     4    10
   -19   -16    10
     6   -23    10
   -15    35     0
     1   -33     0
