   -16     2   215   235     5    10
     2    -7   195   215     5    10
   -18    24   252   272    18    10
    15    -4   152   172    20    10
   -10   -16   187   207    11    10
     5   -16   118   138    24    10
    -8    16   229   249    18    10
     7    -7   111   131     5    10
   -16    13    45    65     5    10
    -3     2   238   258    21    10
    10    16   139   159    24    10
    -6    17    56    76     8    10
    -7   -23    66    86     8    10
    -7   -11   141   161    16    10
   -11   -17   142   162    21    10
    16    14    10
   -24    -3    10
     4   -21    10
    26    17     0
   -33   -13     0
