    -1    -5    50    70    11    10
     0     0    92   112    11    10
    -1     0   204   224    23    10
    10    21    89   109    16    10
   -16   -12   249   269    22    10
     5    -1   126   146    12    10
     0    16   134   154     5    10
    -3    -6   155   175    16    10
    -1     0   153   173    11    10
    14    16    67    87     6    10
   -10    -6   221   241    19    10
    -2     2   157   177    15    10
     9   -11   197   217    11    10
    -3     0   173   193     5    10
     1     0   236   256    16    10
     8    19    10
    -2    20    10
   -21    -6    10
   -17   -16    10
    20   -12    10
    36    10     0
   -22   -26     0
    13   -29     0
