    -7   -11    89   109     8    10
   -19     9   238   258     8    10
     6     0    87   107     9    10
    10    -1   196   216    23    10
     0    21   166   186    14    10
     3     0    72    92     7    10
     9   -28    60    80    23    10
    -5    -6    40    60    10    10
     8    19    61    81    23    10
   -16    -8   137   157     6    10
    -5    -1    57    77    20    10
   -21   -13   115   135    16    10
     4   -13   169   189     8    10
    13     3    52    72    16    10
    20    -7   132   152    10    10
     6     5   203   223    17    10
     2    -3    97   117     5    10
     7    -7    42    62    22    10
    10   -11    95   115    13    10
     5    13   127   147     7    10
    -6    -9    26    46    21    10
   -11    13   162   182    21    10
    -4    18   158   178    12    10
    -2    -5   110   130     5    10
   -23     1    44    64    13    10
     5   -24   249   269    17    10
   -16   -17    41    61    10    10
   -16   -13   201   221    21    10
   -11     0   100   120    15    10
    -6    -2   131   151    14    10
    10    22    10
   -12    20    10
   -22    12    10
     2   -21    10
     9   -23    10
    33     6     0
   -31     2     0
    13   -34     0
