     4    -5   103   123     6    10
    -1     9   245   265    14    10
    -3    -5   126   146    16    10
     3    -3   128   148    13    10
    -3    -3   154   174    23    10
   -20    10    32    52    15    10
     0     1    44    64    21    10
     0     1   214   234     7    10
    -9    -1   153   173    16    10
    20    19    92   112     9    10
    20    -4   119   139    13    10
    21    16   133   153    19    10
    -2     9    91   111    21    10
    11    20   156   176    12    10
    -7    24    66    86    14    10
   -20    -3    33    53    16    10
    -6    -7   259   279    15    10
    15    21   241   261     5    10
    -4   -20   202   222    15    10
   -17    -9   229   249    22    10
    19   -12    98   118    16    10
    14     8    70    90    12    10
    11    17    93   113    12    10
     4     4   129   149     7    10
     2    -7   132   152    11    10
    14    16    21    41    16    10
    -1   -13    45    65    22    10
   -21    -6   110   130    13    10
    22    -3   246   266    17    10
    -2    26   219   239    22    10
   -21    15   146   166     9    10
   -11    22   119   139     7    10
     6    -5    94   114    10    10
     1     0   195   215    13    10
    -9   -25   217   237    24    10
    12   -25   258   278    10    10
    -8    26   163   183    11    10
    10   -16    48    68    15    10
   -10    12   208   228     5    10
    11    -4   252   272    10    10
    18    18   169   189    14    10
   -14     0   251   271    16    10
    19    13    63    83     6    10
     6   -14   189   209    12    10
     3     0    38    58    18    10
    19     6    88   108    15    10
     6    14    23    43    19    10
    -7     2   132   152    19    10
    18    11   124   144    16    10
    11   -15   244   264    22    10
    21     9    10
   -14    16    10
   -15   -15    10
    11   -17    10
    28    20     0
   -13    34     0
   -26    29     0
   -26   -23     0
    14   -32     0
    30   -10     0
