    -2    -1   146   166     8    10
    14   -15   207   227    22    10
   -21    -7    57    77    10    10
   -15    -2   139   159    20    10
    -7    -4   101   121    20    10
    11    23    31    51    24    10
    -7     5    95   115    20    10
     2    -2   164   184    16    10
    -2   -19   199   219    22    10
     0     5   150   170     6    10
   -10    13    85   105    22    10
     4     2   209   229     8    10
     1     0   186   206    18    10
    12     1    48    68     7    10
     4    -2   156   176     9    10
     3    -2   226   246    16    10
   -13   -17    82   102    17    10
     6   -22   167   187    13    10
    13     6   153   173     9    10
    15    13   205   225    22    10
   -15   -24   125   145    12    10
    -6    11   259   279    16    10
   -25    10   189   209    13    10
   -26   -13    29    49    21    10
    -3    -7   122   142     6    10
    22    12   131   151    19    10
   -15    -4   131   151    20    10
    -8     7    55    75     9    10
   -18    23   153   173     8    10
    -5     4   186   206    11    10
     8    -5   182   202    20    10
    11    16    35    55     8    10
   -20    11   189   209    12    10
    -2    -2    46    66    18    10
   -12    21   153   173    12    10
    14     9   210   230     9    10
    23    -4   101   121    22    10
   -14     5    77    97    16    10
    11     0    77    97    18    10
    -1     5   260   280     9    10
    -9    -8    40    60    10    10
    15   -12    42    62    11    10
    -7   -19   235   255    15    10
     7    -9   187   207    18    10
   -10   -12   224   244     8    10
    -3    -7   175   195    10    10
     4     1   115   135    20    10
     8     6   258   278    21    10
     0     1   151   171    18    10
     0     0   109   129     6    10
    16    15    10
   -18    18    10
   -23    -8    10
   -13   -17    10
    19    -9    10
    28    17     0
   -34    21     0
    -2   -30     0
