    -7   -11   164   184    15    10
   -19     9   162   182     8    10
     6     0   153   173    19    10
    10    -1   194   214    21    10
     0    21   176   196     8    10
     3     0   254   274     8    10
     9   -28    63    83    20    10
    -5    -6   203   223     9    10
     8    19   247   267    24    10
   -16    -8   184   204     6    10
    -5    -1    99   119     6    10
   -21   -13   217   237    18    10
     4   -13    53    73    15    10
    13     3    87   107    10    10
    20    -7   160   180    10    10
     6     5   216   236    13    10
     2    -3   256   276    24    10
     7    -7   234   254    13    10
    10   -11    36    56    17    10
     5    13   154   174    16    10
    -6    -9   251   271     8    10
   -11    13   257   277    17    10
    -4    18    91   111    13    10
    -2    -5   152   172    12    10
   -23     1   237   257    22    10
     5   -24   200   220     5    10
   -16   -17    51    71    21    10
   -16   -13   119   139     9    10
   -11     0   194   214     9    10
    -6    -2   257   277    13    10
     4    24    10
   -21    11    10
   -25    -4    10
    20    -5    10
    40     3     0
    14    30     0
   -26    16     0
   -33   -16     0
    13   -32     0
    36    -8     0
