     6   -15   232   252    19    10
    -4    -3   211   231    19    10
    25     1   245   265    15    10
    -1   -18   109   129     9    10
   -13     3    80   100    14    10
    15   -13    63    83    13    10
   -15   -21   157   177    15    10
    16    17   245   265    23    10
    -1     0   165   185    11    10
   -10   -21   137   157    18    10
   -19    11   235   255    13    10
    -2    -2    66    86     5    10
     2     3    98   118    10    10
    24    12   100   120     5    10
    -2     0    56    76    14    10
   -14     3   124   144    10    10
    -2    24   216   236     9    10
   -10    12   244   264    12    10
    14    -9   236   256    19    10
   -10     9   175   195    13    10
    -6     2   225   245    21    10
    -1    -1   228   248    19    10
     1    -1   155   175     7    10
   -11    23    58    78     5    10
   -17     5   198   218     6    10
   -18   -17    44    64    11    10
     7   -10   196   216    10    10
    26    13   160   180    16    10
     3     0    90   110    12    10
     1     1   110   130    18    10
    11    -1    91   111     8    10
    10     3    46    66    17    10
   -20    17   164   184    14    10
    19     2   230   250    18    10
    15   -10   109   129    18    10
    14   -22    37    57    21    10
     0    27   179   199     9    10
    -6    -7    73    93    22    10
   -17    11    41    61    16    10
    15     6   226   246    11    10
    10    25   208   228    24    10
    -4   -12   204   224    17    10
    21    14    51    71    10    10
    11    -8    44    64    23    10
   -14     1   209   229    13    10
    13   -22    72    92    15    10
     1     1    51    71    18    10
    20   -16    73    93    17    10
     6   -20    37    57    24    10
    -2     2   157   177    20    10
     0   -28   228   248     9    10
   -27   -11    80   100    20    10
     5   -12   127   147    23    10
     3     0   100   120    17    10
    -6    21    83   103    23    10
    19    20   253   273    21    10
     1     0   212   232    20    10
    -4     5    42    62    23    10
    -3    -1    66    86    11    10
     8    21   113   133    17    10
     4     7   157   177    14    10
     2    -1   108   128    13    10
    -7    -4    52    72    22    10
    -7     3   139   159    10    10
    -7    11    30    50     9    10
   -22     0   211   231    24    10
   -22     7   166   186    23    10
     0     3   106   126    17    10
    -1     4   124   144    14    10
     8     3   172   192    16    10
     9   -11   121   141     8    10
   -14    -4   143   163     5    10
    -2     7   216   236    24    10
    -1     5   146   166    21    10
     7   -16   198   218    23    10
    -3    10   180   200     8    10
     9   -26   221   241    24    10
   -15    17   178   198    24    10
    -9     9   257   277    14    10
    -1     4   196   216    24    10
    11    10    83   103    10    10
    -6   -15    59    79    16    10
    -2    15   142   162    18    10
    20   -14    58    78    13    10
     9     8    93   113    17    10
   -28    10   228   248    21    10
    -6   -12    44    64    11    10
   -20   -15   156   176    18    10
     2    -2   217   237    22    10
    -9     9   101   121     6    10
     9   -22    94   114    24    10
     6   -27   194   214    21    10
    -1     0    80   100    16    10
    -2     1    82   102    12    10
    -2    -4   159   179    10    10
    -5     3   213   233    14    10
   -17     1   125   145     6    10
   -27    -1    44    64     9    10
    -3   -27    68    88    24    10
     0     0   255   275    11    10
     2    20    10
   -11    18    10
   -23    -2    10
    20    -6    10
    28    19     0
    14    33     0
   -38     8     0
   -30   -27     0
     7   -33     0
    29   -14     0
