    -1    -2   227   247     7    10
   -17    11   208   228    22    10
    -6    -2   162   182    23    10
    -5    21   177   197    23    10
    11    18    31    51    14    10
    -7     4   143   163    24    10
    -1    18   214   234    16    10
     1     3    80   100     7    10
    -1    -6   242   262    14    10
   -24    15   228   248    12    10
   -11    18   115   135    20    10
   -21    -9    94   114    23    10
     4    -3   216   236    20    10
    14    12   246   266     8    10
    -7     1    71    91    20    10
    -1    -2   251   271    16    10
     1     4    92   112    17    10
    -2     1   243   263    13    10
    11    20   160   180    16    10
   -18    10   191   211    12    10
     2   -18   227   247     8    10
    -4    27    91   111    19    10
   -11    25    51    71    21    10
    17     6   112   132    11    10
    27    -4   227   247    10    10
    12     0   245   265    12    10
    30     0   245   265    16    10
   -12   -24   170   190     8    10
     0     4   113   133    12    10
   -12    10   163   183     5    10
     3     4    61    81    20    10
    24     5   147   167    10    10
    -3    -6   158   178     6    10
    16    16    39    59    23    10
     5     6    54    74    21    10
     6    22   128   148    23    10
    -7   -18   214   234     9    10
    -7    -3    94   114    21    10
   -14   -18    85   105     8    10
    -3    29   127   147    22    10
     5   -18    73    93    19    10
   -14     6   146   166    12    10
     7    21   228   248     8    10
    21    -3   180   200    10    10
     5    24   123   143    15    10
   -14     2   144   164    22    10
    18   -13   173   193    21    10
    -4     0   155   175     9    10
    -9    -9   215   235    20    10
     8    12   235   255     6    10
    16    19   123   143    13    10
     6     1   205   225    16    10
     0    -1    38    58    23    10
    -1     1   197   217     5    10
    -1    12   190   210    20    10
   -16    -7   210   230    21    10
    -9    17   202   222    20    10
     2     1   111   131    22    10
     0     6   150   170    23    10
   -20     0   219   239     5    10
    -1    15   171   191    23    10
    12     5   189   209    24    10
    -8     4   189   209    11    10
   -10    10   230   250    20    10
     2    -3   244   264    23    10
    -5    -2   227   247    17    10
    17    19   155   175    20    10
   -16    -7    72    92    11    10
     1     5    71    91    19    10
    13    -3   242   262    16    10
    -7     3   175   195    20    10
     1     0    68    88    13    10
    13     0    53    73     8    10
    -7    -2    63    83    16    10
    -2   -28   251   271    17    10
   -12    -1    79    99    24    10
    17    14    35    55    12    10
    15     8   135   155     8    10
    -9    -7   149   169    18    10
    -2    15   118   138    19    10
   -20    18   222   242    11    10
    -5    -2    95   115    17    10
   -12    26    88   108    18    10
    -6   -18   224   244    24    10
    -1    21    94   114    14    10
    20    -8   168   188    12    10
     0     0   177   197    12    10
    -5    -2    70    90    16    10
   -21     4   237   257    15    10
    -3   -13   114   134     8    10
   -20     3    43    63    17    10
   -22    -7   133   153    20    10
     0    -9   105   125     7    10
    -3   -10   129   149     5    10
   -23    -9   158   178    10    10
     8     0    36    56    11    10
   -20    -3   113   133    18    10
   -14   -25    99   119     8    10
     1     2   198   218    15    10
   -11    -6   114   134     9    10
    18    15    10
   -15    14    10
   -19    11    10
    -8   -23    10
    21    -9    10
    14    32     0
   -19   -24     0
    -5   -30     0
