     6    17   146   166    12    10
    25     0   115   135    10    10
    21   -17   112   132    17    10
   -14    14    49    69    20    10
   -18   -15    60    80    16    10
    -3    -4   244   264    24    10
     5    25   165   185     9    10
    -6     3   125   145    18    10
     4    10   102   122    16    10
    15    12   111   131    17    10
     2     4   221   241     6    10
    -7    -1    94   114    11    10
     3    18   246   266    12    10
   -12     0    94   114    24    10
    11    15   230   250     8    10
     9    14    35    55    14    10
   -10    14   171   191     9    10
    25     4   243   263    24    10
   -11   -12   251   271    11    10
    18     2   222   242     5    10
     6   -10   159   179    20    10
     6     8    62    82     9    10
     0     1    40    60    17    10
    19    23   246   266    18    10
    -5   -21   219   239    12    10
     2   -12   226   246    21    10
    11    -7   216   236    19    10
    16    14    84   104    11    10
     7    -1    55    75    17    10
   -15     3   233   253    12    10
    21    13    10
   -19    -6    10
     0   -24    10
    25    19     0
    24   -19     0
