   -13   -10   106   126    15    10
     7   -13   123   143    12    10
     4    -1   123   143    23    10
    -2     2    53    73    19    10
   -11    -8   131   151    21    10
     8     0   112   132    17    10
    -2    -2   140   160    18    10
     5     7   117   137    15    10
   -17    10   158   178    11    10
    24    -3   120   140    18    10
   -11     2    23    43    24    10
     1     0   236   256    19    10
   -17    10   219   239    15    10
     8    -3   145   165     7    10
   -25    -1   204   224    11    10
   -11     7   229   249    21    10
   -17    22   235   255    15    10
     0     9   135   155     9    10
    10    -3   220   240    17    10
   -12    -7   235   255    15    10
    26    14   252   272     8    10
    13    18   211   231    10    10
    23    -9    96   116     7    10
     0    -1   100   120    24    10
     3     8   216   236     9    10
   -28     4    78    98    16    10
     0     1    74    94    16    10
   -10    21   117   137     9    10
     1    -7   244   264     9    10
    -3    11   238   258    14    10
    13   -16   104   124    18    10
     2    -1   204   224    23    10
     1     0   185   205     5    10
   -18   -14   223   243    20    10
     4    -4    80   100     5    10
    10   -26   188   208    18    10
    18     1   166   186    11    10
    25    12    89   109    18    10
    22     6    83   103    10    10
    30    -1   223   243     9    10
    -4    19   178   198    10    10
   -14   -18   111   131    16    10
    -7     5   169   189    16    10
    -1    12   136   156     6    10
   -10    -9   174   194     5    10
    -2     5   148   168    20    10
     6     4   158   178     8    10
    -5   -23   118   138     5    10
    -8   -26   167   187     9    10
     0     0    93   113    19    10
    23     1    10
   -24     5    10
    10   -18    10
   -24    21     0
    26   -22     0
