   -11   -13   156   176    21    10
     1    17   209   229    16    10
   -14   -23    81   101    18    10
    11    -3   257   277    23    10
    18   -20    29    49     5    10
     2   -24    85   105     5    10
     0    -1   136   156     8    10
    -3     6   172   192    21    10
    13     1   252   272    10    10
    -4    -3   245   265     8    10
     3   -22   100   120    19    10
   -12     9   120   140    14    10
     2     0   249   269    24    10
   -22     9    39    59     6    10
     9    -2   232   252     6    10
     2     5   152   172    11    10
   -16   -20   206   226    19    10
     5     2   124   144    23    10
   -10    12   184   204    15    10
     3     9    66    86    10    10
     1    25    31    51    20    10
    18    -8    53    73    21    10
    12     8   101   121     7    10
    -4   -22    32    52    23    10
    11    -8    78    98    19    10
    -4    -3   135   155     9    10
     2    -2   116   136    22    10
   -17    16   211   231    11    10
    17    -1   253   273    11    10
     0     0   134   154     8    10
   -12    25   163   183     5    10
   -25    -3    88   108    13    10
   -22   -16   163   183    13    10
   -14     1    77    97     6    10
   -19   -13    99   119    14    10
    -3    -3   161   181    24    10
    24    -6    62    82    16    10
    13     4    61    81    13    10
    -9   -13   145   165     5    10
     8   -15   227   247    23    10
    24   -16   186   206    12    10
     8     1   258   278     9    10
     4   -18   202   222     7    10
     0     0   257   277    21    10
     0     2   165   185    24    10
     5    -7   148   168    21    10
    25     1   200   220     8    10
   -13    -2    33    53    22    10
   -12     9   195   215    19    10
    -7   -17   108   128     6    10
    -2     0    45    65    12    10
     3     8   178   198    19    10
     0     0   112   132    19    10
     9   -21    87   107    20    10
    12    24   116   136     6    10
     5     7   255   275    21    10
    12     2   241   261    18    10
     8     6   138   158    17    10
     5    -9   164   184    21    10
     5     2   189   209    21    10
    -7     4   139   159    14    10
   -21    14   200   220    21    10
     8   -10   200   220    24    10
     5    -8   204   224    14    10
    10    17    68    88     7    10
     4     1    67    87    10    10
    -2    -1   258   278    17    10
     9     4   224   244     8    10
   -20     7   134   154    16    10
     4    11    37    57    11    10
   -12   -14   241   261    13    10
   -24    14   205   225    19    10
   -11    -2   230   250    19    10
   -12     9    68    88    24    10
   -17    -4    70    90    20    10
    14    10   169   189     6    10
     1     4    44    64    15    10
     1    -1   102   122    17    10
    10    -1   158   178    17    10
     0     0   201   221    12    10
    -4    19   106   126    20    10
     6    22    91   111    22    10
   -17    13    35    55    21    10
    -2    -4   153   173    18    10
     9   -12    36    56    15    10
    -8     6   224   244    24    10
    -4    27   165   185    24    10
   -14   -15    34    54     8    10
    21   -11   217   237     9    10
    -1    -2   150   170    18    10
    -9   -27   244   264     6    10
    18    -7   106   126     7    10
     4   -25   188   208    22    10
    -8   -16    73    93     9    10
     0   -12   211   231    12    10
    10     6   216   236    22    10
    -1     0   234   254    13    10
    12     7   126   146     7    10
     5    -4   130   150     7    10
    -9   -27    49    69    11    10
     4    21    10
   -17    16    10
    -4   -24    10
    19   -16    10
    28    18     0
   -10    32     0
   -21    34     0
   -20   -28     0
    17   -34     0
    29   -11     0
