   -28     4   252   272    24    10
     4    -3   125   145     8    10
    -6   -23   191   211     5    10
    11     1    35    55    10    10
    15   -13   237   257    17    10
    15    -8   139   159    19    10
    21    11   259   279    14    10
    13     2   213   233    15    10
    -5    22    68    88    23    10
     1    -2   206   226    10    10
    24   -15   252   272    20    10
    -3    14   138   158    16    10
     2    15    70    90    13    10
    23   -11   205   225     5    10
    10    -1    94   114     7    10
   -11    14   179   199    11    10
    22    -7    81   101    23    10
    -9    -1   116   136    23    10
    -1    -3   121   141    18    10
    -1     8   139   159    21    10
     0     1   201   221     6    10
     3    -5   234   254    12    10
    21    -7   138   158    17    10
   -12     3   103   123    19    10
   -19    16   172   192     8    10
    29     3   133   153    17    10
     2     6   208   228     7    10
    -3   -19    41    61     7    10
     9    18    38    58    12    10
    20    -4   226   246     7    10
    -1     6    95   115     9    10
     9     7    89   109    12    10
     1   -10   157   177    15    10
    -9     9   167   187    11    10
    -4     4   212   232    22    10
     3    -2    61    81    24    10
    -4    -4    88   108     7    10
    -9    -9    76    96    11    10
    25     3   243   263     7    10
   -19    -5   119   139    14    10
    -4     0   195   215    23    10
    -2    -6    50    70    12    10
    24   -13   246   266     7    10
    -2    -1   197   217    13    10
   -22    17   203   223    13    10
    12    23   103   123    23    10
    22     1   151   171    19    10
    -4    -1   100   120    17    10
    -8     9   233   253    23    10
     2     1    60    80    11    10
    -1     5    43    63    10    10
    12     1    36    56    24    10
   -16    -9   226   246     7    10
    16    -6   134   154    18    10
    13   -25    53    73    13    10
   -10     5   148   168    21    10
    -1    28   169   189     7    10
   -20   -22   245   265    24    10
    -8   -20    77    97     8    10
    23     9   235   255    10    10
   -12    -2   153   173    12    10
    -5     9    30    50    23    10
     7   -11    48    68    17    10
    22    -1   154   174    11    10
   -24     9    21    41    16    10
    -2     0   230   250    10    10
     7     7    52    72    14    10
    21     1   169   189    12    10
     1    -1    61    81    23    10
    -2    -6   209   229    18    10
     3     6    27    47    15    10
    -3    -1    67    87    17    10
   -22    11    87   107     6    10
     0   -20   217   237     9    10
   -12    16    27    47    11    10
    -2    -5   135   155    15    10
   -16     3    34    54    17    10
   -10     3   252   272    15    10
    -1    -4    76    96    10    10
     8     0   183   203    13    10
    27    -4   153   173    23    10
    -7    -8    76    96     5    10
     7    -6    98   118    19    10
    -1     0   195   215     6    10
   -14     0    81   101    23    10
     5     1   149   169    16    10
     3     2   162   182    18    10
   -11   -13   223   243    13    10
    14    12   139   159     6    10
    -6    26   109   129    18    10
    27     4    84   104    21    10
     1    22   225   245    13    10
   -16    21    71    91     9    10
     5    -8   102   122    10    10
     3   -26    60    80    12    10
    -3     3   107   127    16    10
    18    24   259   279    19    10
     6    -4   131   151     6    10
    10   -27   175   195    14    10
    -8    13   196   216     6    10
     1    21    10
   -19    13    10
     5   -22    10
   -27    19     0
    31   -10     0
