     -4     0   235   255    23    10
     2     1    56    76    23    10
     2     8   255   275    16    10
   -15     0   146   166     7    10
    -4    -2    55    75     7    10
    -3    12   231   251    16    10
   -18    14   167   187    21    10
   -15     7   138   158    19    10
     6    18   112   132    22    10
    -6     8   127   147    20    10
    -7   -20   145   165    17    10
    -3     5   232   252    21    10
     0    -3   254   274    23    10
   -15     2   201   221    20    10
    12    -7   175   195    24    10
   -16    16   181   201    10    10
    -5    -3   185   205     7    10
    13    18    51    71    23    10
   -17   -15   252   272    15    10
     2    17   233   253    15    10
    -6    -3   231   251    15    10
   -14    -5   204   224    10    10
   -10    -2   139   159    16    10
   -14     4    96   116    13    10
   -21     9   216   236     7    10
    22     0   161   181    21    10
    20     1   223   243    23    10
    21    -3    99   119    15    10
    -1    18   166   186    20    10
   -11    10    80   100    20    10
   -21     4   217   237    14    10
    -9    -1   238   258    23    10
     6    -5   176   196    14    10
   -14   -10   218   238    16    10
     6   -12   207   227    15    10
     1     0   193   213    19    10
   -15    10   213   233    18    10
    11    -2    81   101    17    10
    14   -12    64    84    24    10
    29     6   179   199    18    10
   -21    -1   220   240    15    10
     0   -11    46    66     5    10
    11   -10   137   157    14    10
    -4     8   205   225    16    10
    13     1   215   235    19    10
   -27     3   148   168    24    10
     6   -15   155   175     9    10
    15    16   131   151     5    10
     1     7   187   207     9    10
   -29     7    58    78     6    10
    25   -14   204   224    13    10
    -7   -13   201   221    17    10
   -17     5   200   220    23    10
     7    20    94   114    10    10
    10    14   143   163     6    10
   -25   -14   157   177    17    10
     0     0    82   102    20    10
     3    -6   185   205    21    10
   -12    -3   147   167    23    10
    -2     2   250   270    14    10
   -15    -2    78    98     9    10
    -5    -2   122   142     6    10
    -3   -13    74    94    20    10
     3   -14   230   250     7    10
    -5    -9   253   273     7    10
    15    11    85   105    21    10
     0     4   118   138    10    10
   -17    17    83   103     7    10
   -14    17   113   133    13    10
    12    11    33    53    17    10
     3    11   238   258    16    10
     4   -14   173   193    21    10
     2    16    31    51    23    10
    -9   -16    53    73     6    10
   -27     7    71    91     5    10
    -8    17    49    69    23    10
   -27    -6   240   260    17    10
   -20   -17   219   239    17    10
     1     8   159   179    13    10
    -2    12   152   172     9    10
    -2    -1   237   257     5    10
    11     6   190   210    13    10
    -5     2    49    69     5    10
   -28     6   177   197    24    10
    24    -1    29    49     7    10
     1    -1   200   220    20    10
     1    15    76    96    19    10
     0     0   141   161     8    10
   -12    -1   158   178    11    10
     3     0   147   167    18    10
   -16    18   148   168    17    10
    -4   -15   168   188    12    10
     4     2    57    77     5    10
    24   -10   229   249    20    10
    -1    -2    65    85    23    10
    -6   -12   208   228    21    10
    -3     2    71    91    10    10
     0    16    54    74    18    10
    -4    10    88   108    21    10
    -9    -4   259   279     5    10
    20    14    10
     5    22    10
   -21   -12    10
   -14   -19    10
    21   -10    10
    29    13     0
   -23    21     0
     9   -34     0
