   -14     1   211   231    24    10
     3     2   243   263    12    10
    -4    -7   224   244    11    10
     1     3   113   133    18    10
    -2    -4   168   188    14    10
     5    -5    28    48    19    10
     5    -2   181   201    21    10
    12   -18   216   236    21    10
    -1    -3    72    92    12    10
   -29    -3   106   126    22    10
     4    -3   119   139     5    10
    -4     5   236   256    10    10
    -7    -9   252   272    12    10
    -9     6   220   240    19    10
   -21    20   232   252    24    10
    14   -25   214   234     6    10
     2     6   168   188    22    10
   -27   -12   211   231    16    10
    -6    13   249   269    21    10
    10    -1   156   176    19    10
   -28     6   113   133    14    10
    -3    -4   132   152    10    10
    -1     0   218   238     8    10
     2     2   129   149    14    10
    18    -7   231   251    14    10
     1    -4   202   222    18    10
    -9   -11    41    61    14    10
    13    -8   187   207    16    10
   -25     0   212   232    15    10
    -6    -2   114   134    21    10
    21     7    10
   -14    17    10
   -22    -2    10
   -14   -16    10
    12   -16    10
    33    18     0
   -24   -31     0
    -2   -36     0
