    -6    16   233   253    14    10
   -19     6   102   122    16    10
     1     0    40    60    20    10
     3     7   183   203    16    10
     2     1   149   169    10    10
   -10   -19   244   264     9    10
   -23     5   118   138    24    10
    21    11   247   267    13    10
     2    -2   214   234     6    10
    -8    13   147   167    15    10
   -19    -2   231   251     5    10
     1     0   118   138    11    10
   -21    -8   168   188    11    10
    10     1   213   233    24    10
    23    15   172   192     6    10
    25     4    10
   -17    12    10
    18   -12    10
   -34    18     0
    27   -17     0
