     2   -22   196   216     5    10
    -2     1    41    61     6    10
    -3    -7   135   155    21    10
     1   -18   126   146    13    10
     2    -1   168   188    18    10
    -4    10   232   252     8    10
     5     1   109   129    11    10
    24     8    56    76    16    10
    21     1   145   165    19    10
   -12   -24   257   277    12    10
    11    26   245   265    18    10
    26   -11   131   151     9    10
    -2   -26   215   235    17    10
     5    -4   234   254    18    10
     5     1   148   168    10    10
     9    -1    32    52    10    10
    24   -11   125   145     7    10
     4   -10   115   135    18    10
   -15   -13   244   264     7    10
    13   -18   159   179    12    10
   -11    -8   195   215    17    10
     8    -6   134   154     7    10
     3    28    55    75    24    10
   -13     9   108   128    19    10
     2     7   202   222    17    10
   -14     1    76    96    11    10
    -1   -17   216   236    11    10
     4    -1    40    60     8    10
     0    -4    81   101    18    10
    25    -9   233   253     9    10
    -8   -20    60    80     6    10
   -16     2   149   169    16    10
    14    21    42    62    14    10
     0     0   221   241    20    10
   -15    -2   142   162     8    10
    -6   -18   148   168    15    10
     3     8    99   119     8    10
    18    20   209   229    13    10
     0   -13   100   120     6    10
   -17    18   198   218     9    10
    21   -20   218   238    16    10
   -20    13   241   261     9    10
    16    21   245   265    20    10
    -5     2   190   210     9    10
   -14    -5   114   134    21    10
    10     0    59    79    23    10
    16    -7   170   190    20    10
     3     5   224   244    15    10
    21    21   152   172     7    10
     1    11   136   156    14    10
     8    23    10
    -2    22    10
   -20     1    10
   -13   -17    10
    12   -19    10
    -8    34     0
   -30    -4     0
    25   -21     0
