     1    -1   222   242    11    10
    11    -9   196   216    18    10
    20     7   199   219    10    10
    -4   -12   201   221    12    10
    -2    -4   230   250    13    10
   -10     5   135   155    22    10
    -5     8   165   185    15    10
    21    16   108   128     7    10
   -25    -6   184   204    15    10
    17    11   176   196    16    10
     8     8   165   185     8    10
   -10     1    96   116    19    10
     1     3   141   161     7    10
    10     4   224   244    16    10
   -18   -16   246   266    20    10
     1   -13    71    91     9    10
    24    -4    32    52    12    10
    11   -26   187   207    17    10
    -7    23   232   252    19    10
    -1     2   162   182    23    10
     8     9    26    46    18    10
   -28    -8   220   240    10    10
   -11    11   186   206    17    10
    -7    -2    38    58    17    10
   -18     9   252   272    24    10
   -21   -17   210   230    13    10
     9    21   229   249    17    10
    11    10   121   141    14    10
    -8     5   114   134    11    10
    20    -3   175   195    14    10
    -9   -17   192   212     7    10
   -18   -20    93   113     5    10
    22    -4    80   100    12    10
    -9   -13   140   160    21    10
     2    -7    64    84     6    10
     9    -8   252   272    14    10
     3   -22   187   207    23    10
     9     9   201   221     8    10
    11    -3    34    54     5    10
   -19    14   180   200    24    10
     0     0    64    84    21    10
     1    -3    74    94    24    10
    -7     0   130   150    13    10
     3    -8   239   259    17    10
     3    -2   224   244    14    10
   -10     8    31    51    11    10
     1     0   170   190    18    10
    -2     4   152   172     8    10
     9    26    73    93    16    10
    -8     1   117   137     6    10
    24     4    10
   -24     3    10
   -22    -7    10
     4   -22    10
    32    15     0
     6    39     0
   -31     7     0
   -33    -3     0
   -10   -38     0
    19   -29     0
