     0     0    45    65    13    10
    -5    11    99   119     9    10
    -7     4   140   160    18    10
    13   -17   183   203    16    10
     3     1    39    59    16    10
     1     1   118   138    10    10
   -26    12   147   167    17    10
    14   -15   184   204    15    10
   -20    21   231   251     8    10
     2   -12   251   271    12    10
    14   -15   173   193    17    10
     0     0   141   161    18    10
    -1    -1    72    92    24    10
    17     1   249   269    10    10
    -2    -2    68    88    20    10
    16    19    10
    -7    21    10
   -20    -6    10
     3   -23    10
     9   -20    10
    38     2     0
   -29     8     0
    -5   -30     0
