    -4     8    26    46     8    10
     1     1    33    53    13    10
    -5   -20   122   142    20    10
    -4   -20    32    52     8    10
    13   -18   144   164     8    10
   -21    -1    66    86     6    10
   -14     4   122   142     6    10
     8   -12   126   146     9    10
    15   -16   244   264    18    10
   -13     9   167   187     5    10
    -8     0   158   178     6    10
   -18   -11   231   251    24    10
     1    -6   196   216    11    10
    -5    -1   223   243     8    10
    -8   -22    46    66    14    10
    -9   -14   188   208    11    10
     6    -1    96   116    12    10
     6    -6    74    94    22    10
    -4    -4   123   143    19    10
     0    10   205   225     7    10
    -6    11   189   209    22    10
     2     8   123   143    12    10
    17    10   243   263    23    10
   -22     7   252   272    17    10
   -16   -22   256   276    10    10
     0     0   108   128    15    10
    -2     1   172   192    10    10
    -4   -28   243   263     8    10
    24     2   171   191    14    10
    -6   -10   101   121    12    10
    23     6    10
   -22    11    10
     3   -24    10
   -33    20     0
   -22   -33     0
