    -2    -3    85   105     5    10
     0    -1   202   222    13    10
    19     2   247   267    20    10
     8    -3   184   204    16    10
     1    13   200   220     5    10
    14    -7    82   102    24    10
    -4    -1    89   109    15    10
     0     3   229   249     7    10
    -2    10    90   110    18    10
   -26     9   253   273    23    10
     2    14   217   237     7    10
   -22    15    90   110    17    10
    24    -2   214   234    10    10
    -8    18    26    46    12    10
    -4     1   245   265     8    10
    23    10    10
    -8    20    10
   -16   -14    10
    13   -18    10
    36     5     0
   -16    27     0
   -19    25     0
   -36   -16     0
    -7   -36     0
    32   -21     0
