    12    -5   171   191    12    10
    28    -3   244   264    10    10
    12    -9   248   268    12    10
    -6    -3   156   176     5    10
    -1    19   189   209    22    10
    12   -11   108   128    20    10
    -5    -4   248   268    24    10
     3    14   259   279    21    10
    14   -21   115   135    13    10
    12    -6    76    96    13    10
   -17     1   134   154    24    10
    11     7   118   138    15    10
    17    11    93   113    17    10
    12    10    34    54    21    10
    -3    -8    29    49    14    10
    -8    -4   136   156     8    10
    -2     3   115   135    14    10
    29    -7    43    63    23    10
    -2   -15   131   151    15    10
    -9    -5   200   220    18    10
     6   -22   251   271    15    10
   -16     1   142   162     9    10
     0     0   191   211     8    10
   -22     4   123   143    15    10
   -29     3   222   242    19    10
    11    12   115   135    14    10
    11     9    30    50     8    10
     3     0    45    65    16    10
     0     0   253   273    17    10
    -3    -7   166   186     9    10
     1    23    10
   -22     2    10
   -21    -7    10
    17   -12    10
    31    12     0
   -12    28     0
   -28    28     0
   -27   -26     0
     5   -34     0
    32    -7     0
