     6    12   341   431    20    10
    -5    11   310   400    20    10
    -3    -7   355   445    10    10
     7    -7   185   275    20    10
   -22   -19    86   176    20    10
    13   -12   141   231    10    10
    -6    -3   248   338    20    10
     1    -8   201   291    20    10
    -4     8    68   158    10    10
     0     0   206   296    20    10
   -14    23   156   246    10    10
    -7    -5    83   173    20    10
    -6    16   167   257    20    10
   -13    18   151   241    20    10
     0    -2   194   284    10    10
    -2    29   250   340    20    10
   -14    -2   210   300    10    10
    -2   -11   140   230    10    10
     2    -5   348   438    10    10
    26     8    89   179    20    10
    -8   -14    72   162    10    10
    -6    -2    67   157    10    10
    16    -5   100   190    10    10
    -1    -2   207   297    20    10
     0     5   169   259    10    10
     8     6   198   288    10    10
    -1   -16   245   335    10    10
    15    20   126   216    10    10
   -22    18   245   335    10    10
     0     0   269   359    10    10
     4    23    10
   -21     2    10
    -7   -20    10
    20   -12    10
    22    31     0
     5    31     0
   -35     8     0
   -29   -22     0
    -8   -31     0
    18   -25     0
