    12    27   297   387    10    10
   -14     3   291   381    20    10
    -1    -1   282   372    20    10
    -9    -9   313   403    20    10
    10    -4    87   177    20    10
     6   -24    60   150    20    10
     2    -3   138   228    20    10
   -17   -15   131   221    10    10
    -2    29   136   226    10    10
   -19   -13   308   398    20    10
    -2    21   197   287    20    10
    -2    15   188   278    10    10
    -6     9   307   397    20    10
    26     5   357   447    10    10
     6    13   297   387    20    10
     0     0   189   279    10    10
    26    12   234   324    20    10
    -1     2   157   247    20    10
    11   -23   274   364    20    10
     2     0    80   170    10    10
   -14    20   315   405    20    10
    -3     2   151   241    10    10
    -9   -17   154   244    20    10
    16   -20   219   309    20    10
    -6    -6   339   429    20    10
    12     1   107   197    20    10
    27    -6   360   450    10    10
     1   -12   215   305    20    10
    -2    21   226   316    10    10
   -15     9   215   305    10    10
    12     9   131   221    20    10
   -10    -8   345   435    20    10
     3     1   182   272    10    10
    -2    -9   265   355    20    10
    20     9   169   259    20    10
    15   -23   127   217    10    10
   -24    -9   281   371    20    10
   -15    21   175   265    20    10
     6    -4   202   292    10    10
    25    -5    69   159    20    10
    -8   -10   356   446    20    10
   -27     3   108   198    20    10
     9    10   161   251    10    10
     0     0   290   380    10    10
    15   -23   221   311    20    10
    -4     1   141   231    10    10
     6    11   181   271    10    10
   -11    -7   198   288    10    10
     0     0   198   288    20    10
     1    28   115   205    20    10
     5   -13   320   410    10    10
     6     6   150   240    20    10
     7    -9   174   264    20    10
     2    -3   242   332    20    10
   -21   -16   296   386    10    10
   -14    -2   274   364    10    10
     7    14   170   260    20    10
     9   -17    96   186    10    10
   -12    12   141   231    10    10
     9    -5   357   447    10    10
   -15     1   332   422    10    10
    -5    -3   154   244    10    10
   -22   -11   276   366    10    10
     6    10   209   299    10    10
   -10     9   340   430    20    10
    26   -11   225   315    10    10
     4   -27   106   196    20    10
    16    22   191   281    10    10
     1   -13   336   426    10    10
    -6     0   132   222    10    10
    22    11   230   320    20    10
    -9    17   114   204    20    10
     0     1    66   156    20    10
     3     6   272   362    10    10
   -25   -10   171   261    20    10
    17    11   103   193    10    10
     2    -3   153   243    10    10
   -19     7   242   332    20    10
    -1   -20   327   417    10    10
     3    26   132   222    20    10
    11    -8    74   164    10    10
    16     1   332   422    10    10
    10    -3   339   429    20    10
   -14    12   334   424    10    10
    12     3    63   153    20    10
    18     9   191   281    20    10
    11   -14   178   268    10    10
   -18     4   266   356    20    10
   -10    16   338   428    10    10
     9   -12   357   447    20    10
     3    -8   350   440    20    10
    15     9   157   247    10    10
     9   -23   334   424    20    10
    24    -5   359   449    10    10
    -1     2   320   410    10    10
    21     2   213   303    20    10
     7    -8    67   157    10    10
     8    -3   288   378    20    10
    -4    -3   257   347    10    10
   -13   -11   102   192    20    10
    15    19    10
    -4    22    10
   -21    -2    10
   -13   -18    10
    24    -7    10
    10    32     0
   -34    19     0
    22   -28     0
