     4    -5   294   384    10    10
     5     9   191   281    10    10
     5   -26   278   368    10    10
     1    17   346   436    10    10
   -26    10    74   164    20    10
    15   -15   125   215    20    10
     6   -17   277   367    10    10
   -25    -4   129   219    20    10
     7    11   179   269    20    10
   -18   -21   220   310    20    10
     7   -11    71   161    10    10
     5     0    69   159    10    10
     3    -7   180   270    10    10
    10     0    80   170    10    10
    14     6    70   160    10    10
    -2    -2   272   362    20    10
     1   -10   332   422    20    10
   -10     1   167   257    20    10
    -6    17   349   439    20    10
    23    14   113   203    20    10
    17    10    92   182    20    10
    -2   -23   337   427    10    10
     8    19   201   291    10    10
    -1    -1   116   206    10    10
     2   -16   346   436    20    10
     2    -8   108   198    10    10
    -6     6   178   268    20    10
   -14     8   173   263    10    10
     3    -1   315   405    10    10
    13    23    84   174    10    10
    -6   -29   320   410    10    10
    13    -5   108   198    10    10
    23    -4   265   355    20    10
     5     6   308   398    10    10
   -27     6   291   381    20    10
     5    -7   185   275    20    10
     2   -20   108   198    20    10
     5   -10    73   163    10    10
    -1     0   194   284    10    10
    -4    13   359   449    10    10
     0     0   191   281    20    10
   -21     0    71   161    20    10
     8    19   293   383    20    10
    11    19    76   166    20    10
    -8   -17    91   181    10    10
   -10   -24   280   370    20    10
     0     1   217   307    10    10
     7    17   106   196    20    10
    -5    -8   190   280    10    10
   -18    21   205   295    20    10
    19    12    10
    -1    23    10
   -24    -6    10
    12   -16    10
    29    16     0
    -8    33     0
   -26    29     0
   -35    -6     0
    -3   -38     0
    28   -11     0
