     3    -2   221   311    20    10
    -3   -17   314   404    20    10
     5     2   115   205    20    10
   -10     2   185   275    10    10
    -1    -1   217   307    20    10
    -9    21   348   438    20    10
    -7     0   278   368    20    10
     2     4   131   221    10    10
    25   -10   274   364    10    10
   -18   -20   271   361    20    10
     6   -18   120   210    20    10
    -8    12   349   439    10    10
   -24    14   344   434    20    10
    -4    -1   198   288    20    10
    -6    13   233   323    10    10
    15    16    10
   -14    16    10
   -23    -1    10
    15   -18    10
    31     9     0
   -16    32     0
   -37     2     0
   -33    -4     0
   -13   -32     0
    27   -28     0
