    -7   -18   324   414    10    10
     2    -4    83   173    10    10
    -5     0   266   356    10    10
    -5    27   331   421    10    10
    20   -22   100   190    20    10
     5    -8   295   385    10    10
     0    -3   200   290    10    10
    17   -19   338   428    10    10
     1    -1   317   407    20    10
     4    16   143   233    20    10
    15   -14    73   163    20    10
     4    15   242   332    10    10
    21    -9   108   198    10    10
     7    18   119   209    10    10
     0    -3   340   430    10    10
   -11   -10   198   288    10    10
     2    -2   254   344    10    10
    -1   -25   353   443    10    10
    -8    -7   228   318    20    10
     1    -2   311   401    20    10
    24     0   268   358    20    10
    11     3   131   221    10    10
     0    -2   110   200    10    10
   -23   -13   275   365    10    10
     1    -2   210   300    10    10
     5    -6   210   300    10    10
     2    -3   224   314    20    10
     6   -18   305   395    20    10
    -2     4   356   446    10    10
    25     1   118   208    20    10
    21     7    10
   -23    -7    10
     2   -24    10
    -4    39     0
    11   -29     0
