    13   -19   198   288    20    10
    -4   -19    65   155    10    10
    -7     6   102   192    10    10
    10    -8   318   408    10    10
     9   -14   259   349    10    10
    -4     8   178   268    20    10
    -3    -6   294   384    10    10
     4     1   247   337    20    10
    -5    11   125   215    10    10
   -14    12   315   405    20    10
    -6    14   347   437    10    10
     3    -3   173   263    10    10
     6    20   173   263    10    10
    -7    -1   341   431    20    10
    15    -7   223   313    20    10
   -15   -23   319   409    10    10
     0    -1   159   249    20    10
   -19   -17   110   200    20    10
     4   -26   117   207    20    10
    -7    -5    80   170    20    10
     0     0   261   351    20    10
   -21    17   266   356    10    10
    20    11    87   177    20    10
    -8     2   328   418    20    10
    -8    24   335   425    10    10
     0    -9   215   305    10    10
    -1     0   291   381    10    10
    15    -8   195   285    20    10
    -2     0    91   181    10    10
     0     3   161   251    10    10
    -3   -20   352   442    10    10
    13     3   320   410    20    10
     1    -8   196   286    20    10
    -3    -1   316   406    20    10
   -16    -2   241   331    10    10
    -5    -6   263   353    20    10
   -17   -13    82   172    20    10
     5   -20   272   362    10    10
   -26   -13   271   361    20    10
     4    -6   297   387    20    10
    -3    -2   283   373    20    10
     8     8   350   440    10    10
    -1   -21   220   310    20    10
    -4     3   352   442    20    10
     0    -7   288   378    20    10
    16     9   111   201    10    10
    -6     0   263   353    20    10
     0     2   349   439    10    10
    14   -12   311   401    10    10
    11     1   337   427    20    10
   -16    12   135   225    10    10
     4   -24    82   172    20    10
     4     4    80   170    10    10
   -23   -14    86   176    20    10
   -18     1    96   186    10    10
   -27     4   184   274    20    10
    -2     3   349   439    20    10
     7     8   209   299    20    10
     4   -13   134   224    10    10
     1     5   254   344    20    10
   -12    -3   224   314    20    10
     8    16   137   227    20    10
    -3   -10    68   158    10    10
    -1    -9   158   248    10    10
    -9    13   208   298    20    10
     6   -22   243   333    20    10
   -23    11   286   376    10    10
    23     9   290   380    10    10
    -4     2   167   257    20    10
    23    16   163   253    20    10
   -13     7    89   179    20    10
    12     0   211   301    10    10
    21   -17   315   405    20    10
     0     0   294   384    10    10
    11   -12   261   351    10    10
   -27    -7   153   243    20    10
    14   -24   114   204    20    10
     5     0   155   245    10    10
    21     9   260   350    20    10
     0    27   291   381    10    10
   -14   -16   199   289    20    10
    13   -15   222   312    20    10
    22   -19   214   304    20    10
     1    -8   186   276    10    10
   -19    -1   112   202    10    10
    13   -11   326   416    20    10
     7    24   257   347    10    10
     0     3   193   283    20    10
    15   -17   269   359    20    10
     7    -8   327   417    20    10
    -8    11   162   252    20    10
     1    -5   342   432    10    10
     4   -13   330   420    20    10
     4    18   346   436    10    10
    -4    -1   210   300    20    10
     3   -25   284   374    10    10
    -4     0   298   388    10    10
   -23    -1   278   368    20    10
    -1     3   268   358    10    10
   -16     3   311   401    20    10
     2    24    10
   -20    12    10
    21   -10    10
     8    29     0
    29    -8     0
