   -15    -8   271   361    20    10
   -21    -8   339   429    20    10
   -22    -7   336   426    20    10
     0     0   246   336    10    10
   -19     4   196   286    10    10
     0    -1   309   399    20    10
    -1    28   252   342    20    10
     9   -23   149   239    20    10
    -1    -2   298   388    10    10
    12    -9   258   348    10    10
    24    12   289   379    10    10
    -5    -5    69   159    20    10
     4     0   216   306    10    10
    -3     3   219   309    10    10
    -9     2   124   214    20    10
    -9     1   305   395    10    10
    12     0   137   227    20    10
   -18    17   294   384    10    10
    10   -19   160   250    20    10
   -17    24   335   425    10    10
   -15    17   184   274    20    10
    -5     7   105   195    10    10
     6     5   103   193    20    10
   -15    26    67   157    10    10
    -1    -6   128   218    10    10
     0    -3   217   307    10    10
   -23   -11   254   344    10    10
   -19    20    74   164    10    10
   -21    18   312   402    10    10
   -10   -11   120   210    10    10
   -25     7   119   209    20    10
     0     0   191   281    20    10
     3    -1   200   290    10    10
   -13    -2   293   383    10    10
    -6    -9   346   436    10    10
    -2    -4    81   171    10    10
     1     0   240   330    20    10
    14    -5   226   316    20    10
   -19    12   164   254    20    10
    16    17   268   358    10    10
    17   -17   151   241    10    10
    13    20   215   305    10    10
    27     0   263   353    10    10
   -27     1   346   436    10    10
     3    15   219   309    20    10
    16   -21   328   418    10    10
   -26    14   272   362    20    10
    15    23   348   438    20    10
    10   -28   227   317    20    10
    13   -19   132   222    10    10
    22     5    10
   -21     7    10
    12   -21    10
    22    29     0
   -36   -14     0
  
