    16    18   117   207    20    10
    -3   -23   188   278    20    10
     8   -25   276   366    20    10
    -3     0   300   390    10    10
    29    -6   310   400    10    10
    23    10   245   335    10    10
   -11    15   340   430    10    10
   -11   -15   227   317    20    10
    10    -6   259   349    20    10
     8     2   245   335    20    10
    -5     6   255   345    20    10
    20   -18   233   323    10    10
    17   -24   313   403    10    10
    17     2   185   275    20    10
   -19   -16    64   154    20    10
     5     1   173   263    20    10
    -2   -27   110   200    10    10
     2   -28   236   326    20    10
     6    -2   351   441    10    10
    10   -15   186   276    20    10
   -21    -7   198   288    20    10
   -21     9   357   447    20    10
     1     7   235   325    20    10
    12   -12   206   296    10    10
     4    21   165   255    20    10
   -21     0   138   228    20    10
     8    27   268   358    10    10
   -23     4   305   395    20    10
   -20    -8   146   236    20    10
   -10   -24   105   195    20    10
    20    13    10
    -2    20    10
   -22    -6    10
    -8   -23    10
    13   -20    10
    28    20     0
   -26   -29     0
    28   -28     0
