   -15   -16   216   306    10    10
    23   -18    69   159    20    10
    -5   -13   200   290    20    10
     8   -10   335   425    10    10
     0     2   324   414    20    10
   -20   -16   131   221    20    10
     5     2   307   397    20    10
     0    -5   310   400    10    10
   -14     1   336   426    20    10
     8   -19   242   332    10    10
    -9    -7   321   411    10    10
    18    10   250   340    20    10
     8    17   285   375    10    10
     1     2   190   280    10    10
    -2     1   322   412    20    10
    -2     1   276   366    20    10
    -9    -2   114   204    20    10
     3     4   143   233    10    10
    14    13   167   257    10    10
    -9   -20   299   389    20    10
   -11    21   131   221    20    10
     2     4   301   391    10    10
     3    -2   106   196    10    10
    -9    19    60   150    20    10
     9     1   136   226    10    10
     7   -18   267   357    10    10
    12   -20    67   157    10    10
    -5    -3    83   173    20    10
    14     3   206   296    20    10
     0     0   239   329    20    10
    13    -2   304   394    10    10
    -1    -1   249   339    10    10
    15   -16   161   251    10    10
     3     2   116   206    10    10
   -27   -14   118   208    20    10
    -1    -2   193   283    10    10
   -12    18    88   178    10    10
    -7    10   128   218    20    10
    -6    23   343   433    10    10
    -9    15   309   399    10    10
    -2   -26   144   234    10    10
     5   -18   280   370    20    10
    -2     3   307   397    10    10
    -2   -22    90   180    10    10
    21     1   220   310    10    10
    -1    -1   119   209    10    10
    -5   -17   357   447    20    10
    -3    -2    68   158    10    10
     8    -1    74   164    20    10
     1     1   316   406    20    10
    21     9    10
   -14    17    10
   -20    -3    10
     7   -23    10
    19   -14    10
     5    33     0
   -34     8     0
    27   -26     0
