    -6    12   303   393    10    10
   -17   -24   286   376    10    10
    20     5   124   214    20    10
     8     4   157   247    20    10
     0     3   109   199    10    10
    -1     7   192   282    10    10
     1    11   349   439    10    10
   -12    -2    89   179    20    10
    21    11   131   221    10    10
    11   -14   155   245    20    10
   -12    18   171   261    10    10
   -13    21   292   382    20    10
    -8    -5   152   242    20    10
     5     0   251   341    20    10
     1    10    61   151    20    10
    -4    12   244   334    10    10
    13    13   118   208    10    10
    -1    15   200   290    10    10
   -17    -8   154   244    10    10
    25    -4   191   281    10    10
    13     2   269   359    10    10
     2    -7   165   255    20    10
     1    24   173   263    20    10
     3     3   165   255    10    10
    25    16   104   194    20    10
   -17   -18   223   313    10    10
     4    -9   271   361    10    10
     7    13   358   448    20    10
    20     0   356   446    20    10
     2     3   305   395    20    10
    20    -6    94   184    20    10
   -22   -18   173   263    10    10
     1   -23   190   280    10    10
    -4    -3   298   388    20    10
     2    -2   262   352    20    10
    -1     0   138   228    20    10
     2     2   114   204    20    10
   -25    14   327   417    10    10
    -2    -4   268   358    10    10
     1   -13    94   184    20    10
    20     5   119   209    20    10
    -1   -25   297   387    20    10
    16     3   296   386    20    10
    14   -17   247   337    20    10
    13    11   227   317    20    10
     6   -14   206   296    20    10
   -14    16   357   447    20    10
     4     0   292   382    20    10
     9     0   163   253    10    10
   -17     4   327   417    10    10
   -15     9   349   439    20    10
    -1    -1   204   294    10    10
    15   -18   246   336    10    10
    -5     0    62   152    10    10
    -4    -5   124   214    20    10
    22    12   298   388    20    10
    13   -24   198   288    10    10
    18    15   257   347    10    10
    -8   -12   188   278    10    10
   -10    -8   261   351    10    10
    -6     5    69   159    20    10
   -23    10   296   386    20    10
    -4   -24   309   399    20    10
     1     5   145   235    20    10
    15   -17   288   378    10    10
    10    -9   152   242    10    10
    22    13   250   340    10    10
     7   -10   338   428    10    10
     7   -10   223   313    20    10
    -1    -1   218   308    20    10
    -2     0   215   305    20    10
     3    -1   195   285    20    10
   -21   -15    67   157    20    10
     3    -2   101   191    20    10
   -11   -13   122   212    10    10
    13   -14   147   237    10    10
   -10    -2   342   432    20    10
    -1   -26   282   372    20    10
   -22    -1    86   176    10    10
    -2    14    71   161    10    10
    -1    -1   219   309    20    10
    17    21   353   443    10    10
    23   -14   326   416    10    10
   -20   -14   232   322    10    10
     2    -2   355   445    10    10
   -24   -15   114   204    10    10
     0     0   191   281    10    10
    -9    -1   292   382    10    10
     0    -1   358   448    20    10
   -15    -1   244   334    10    10
     8    10   199   289    10    10
    -9    19   292   382    10    10
   -16    -1   160   250    10    10
    -4   -16   142   232    20    10
   -11     2   203   293    10    10
   -17     9   299   389    10    10
     4    -7   214   304    10    10
     1    -6   130   220    10    10
     9    28   271   361    10    10
     0    -6   220   310    20    10
    21     3    10
   -23     5    10
   -14   -18    10
    19   -15    10
    28    24     0
    12    33     0
   -23    29     0
   -34    -3     0
    13   -28     0
    24   -24     0
