     4    10    74   164    10    10
   -22    -3   153   243    10    10
    -7    -8   269   359    10    10
    -1    -7   170   260    20    10
    -8    12   242   332    10    10
   -14     9   264   354    20    10
    -1     1   168   258    10    10
    -8    18   139   229    20    10
    -4    -6   150   240    20    10
    -2    26   273   363    10    10
     7    -2    72   162    20    10
     0     2   343   433    20    10
   -28     1   239   329    10    10
     6    -1   233   323    20    10
    10   -19   129   219    10    10
    20     7    10
   -12    17    10
    25    -1    10
     2    33     0
   -35   -18     0
