   -15    -4   334   424    10    10
     0    -1   185   275    10    10
   -21   -11    86   176    10    10
     3    -1   284   374    10    10
     7   -26   116   206    10    10
    21   -15   113   203    10    10
    15    -5   131   221    20    10
     9     2   108   198    20    10
     3    15   152   242    10    10
     3    26   309   399    20    10
    -4     2   117   207    20    10
    12     0   118   208    10    10
   -22    -3   158   248    10    10
     3   -17   353   443    20    10
    -1     4   176   266    20    10
    -1    -5    98   188    20    10
   -11    -7    78   168    20    10
   -10   -11   114   204    20    10
    -1   -18   346   436    20    10
   -22    15    69   159    20    10
     1     5   268   358    20    10
    -3    -2   288   378    10    10
     2    -6   235   325    20    10
    -3     4   238   328    10    10
    10   -27   192   282    10    10
     5   -22   104   194    20    10
     1    -1   197   287    20    10
    -2     0   212   302    10    10
     9    -1   130   220    20    10
   -17     2   304   394    10    10
     9    22    10
   -23     4    10
     2   -24    10
    -2    31     0
   -13   -27     0
