     0   -19   208   298    10    10
    15   -10   167   257    10    10
   -22     2   222   312    20    10
    -8     8   271   361    10    10
     8     4   275   365    20    10
     4   -24   296   386    10    10
   -11    -9   225   315    10    10
     7    17   317   407    10    10
   -16   -16   260   350    20    10
    18   -20   181   271    10    10
    -2    -3    91   181    10    10
    16   -25   349   439    20    10
   -21    19   223   313    10    10
     1    -3   276   366    10    10
     1   -29   359   449    20    10
    -5     4   220   310    10    10
     1   -20   283   373    10    10
   -26   -11   171   261    10    10
     0     5   236   326    20    10
   -16    -5   138   228    20    10
    -6    18   262   352    20    10
     1     0   122   212    10    10
   -15    -9   212   302    20    10
     0     1   291   381    10    10
    -7     4   316   406    20    10
    -6     1   110   200    20    10
     7   -28   264   354    10    10
    -7     3   101   191    10    10
    21    -1   165   255    20    10
    10    -3   347   437    10    10
    -6    17   258   348    10    10
    -3    -9   135   225    10    10
    10    18   215   305    10    10
     4     7   236   326    10    10
   -11    -8   142   232    20    10
    25     0   348   438    10    10
    17    -6    75   165    10    10
   -15   -19   256   346    20    10
    26   -15   233   323    10    10
    -9    22    79   169    20    10
     9    -4   163   253    10    10
     0    20   211   301    20    10
     6    -5    99   189    10    10
    -8    14    86   176    20    10
     6     0   113   203    20    10
     9    -3   106   196    10    10
    -4    17   236   326    10    10
     7    19   325   415    10    10
    27    -2   272   362    10    10
   -27    12    76   166    20    10
   -13   -20   235   325    10    10
     2     2    77   167    20    10
    -8    13   286   376    10    10
    12   -14   259   349    20    10
    25    13   344   434    20    10
    22     9   109   199    20    10
     6    -7   192   282    20    10
   -23    -1   306   396    10    10
     1    -9   126   216    10    10
   -23    -6   295   385    10    10
   -21    14    90   180    10    10
   -16     4   342   432    20    10
     4   -11   209   299    20    10
     4     9   158   248    20    10
   -22     2   219   309    20    10
    -8    17    68   158    10    10
    14   -17   231   321    20    10
   -14     2   282   372    20    10
    23     5   219   309    20    10
     0     0   202   292    20    10
    10   -28   174   264    20    10
    -5     2   344   434    10    10
    20     9   295   385    10    10
     3    -5   275   365    20    10
   -22     6   299   389    20    10
    -3    10   105   195    20    10
    -5     6    67   157    10    10
   -20    17   260   350    20    10
     2    19   270   360    10    10
     2    18   341   431    20    10
    14    25   220   310    10    10
     2     1   347   437    10    10
    19   -21   172   262    10    10
     9    -1   111   201    10    10
     6    -7   342   432    10    10
    -1    29    69   159    10    10
    25    13   127   217    20    10
   -11    -8   281   371    10    10
    -6   -12   158   248    20    10
    25    12    61   151    10    10
    -1    15   296   386    20    10
    16    11    82   172    10    10
    -5     8   263   353    10    10
     6    -5   172   262    20    10
     4     7    81   171    10    10
     1     1   213   303    20    10
     4   -13   240   330    20    10
    10     5   212   302    10    10
   -11    -8   122   212    20    10
     0    -7   195   285    20    10
    -8    24    10
   -18   -11    10
    20   -12    10
    -6    34     0
   -35   -14     0
