     6    -8    61   151    20    10
   -11    26   164   254    10    10
    -6    20   333   423    10    10
     2    19   125   215    10    10
    -2    20   122   212    10    10
    11     2   265   355    10    10
    19    -6   116   206    10    10
     8    13   154   244    20    10
   -15    -8   289   379    20    10
    -8   -18   180   270    10    10
     4     1   326   416    20    10
   -12    -5    83   173    10    10
    -5    24   307   397    10    10
     4   -28   173   263    10    10
    -2    -5   208   298    10    10
     9    24    67   157    20    10
     2     0   165   255    20    10
   -12    19   109   199    10    10
    -2    28   233   323    20    10
     9    -6   158   248    10    10
    -6    -3   224   314    10    10
     6     6   133   223    20    10
   -28    -4   292   382    10    10
     0     0   178   268    10    10
   -27     6   327   417    20    10
    10   -27   173   263    10    10
     2   -20   157   247    10    10
    12   -16   203   293    20    10
   -12   -23   269   359    20    10
    18    15    65   155    10    10
     1     0   115   205    20    10
    13    11   170   260    20    10
     8     7   140   230    20    10
    23    12   286   376    10    10
   -18     0   270   360    10    10
    21   -10   100   190    20    10
     0   -23   234   324    10    10
    10    22   320   410    10    10
     3     8   311   401    20    10
   -14    -8   341   431    20    10
     0   -24   229   319    10    10
    -1    -1   331   421    20    10
   -11   -13   351   441    20    10
   -14   -15   332   422    20    10
    -1    -4   334   424    10    10
    -1    15   162   252    20    10
     2    -2   135   225    20    10
     7     1    82   172    20    10
    16   -17   207   297    20    10
     4    26   148   238    20    10
    16    13    10
   -17    18    10
   -23     3    10
   -12   -21    10
    12   -19    10
    12    28     0
   -28   -13     0
    -9   -36     0
