     9    11   313   403    20    10
    -3    11    88   178    10    10
    -7   -21   244   334    10    10
    -1     2   110   200    20    10
   -10   -13   125   215    10    10
     7     9   310   400    20    10
   -11    11   280   370    10    10
    -4   -26   159   249    20    10
    -5    -2   266   356    20    10
     9   -28   321   411    10    10
    -6   -21   215   305    10    10
     6     4   169   259    20    10
    -7     3   202   292    10    10
    -1     2   185   275    10    10
    -9   -15   197   287    20    10
     4     1   144   234    10    10
   -20     0   242   332    20    10
     5    -1   261   351    20    10
    18     2   273   363    10    10
     4   -21   249   339    20    10
     0    -1   270   360    10    10
    22    13   321   411    10    10
    -7     2   298   388    10    10
    -1     0   128   218    10    10
   -25    -7    86   176    20    10
    -3    -3   118   208    20    10
     0    -1   244   334    20    10
    -9     2   265   355    10    10
     4     0   130   220    10    10
     2     2   191   281    20    10
    -2     7   300   390    20    10
    11     6   289   379    20    10
    24    -5   209   299    20    10
     0     0   218   308    20    10
    -8    -2   162   252    10    10
    -1     9   223   313    10    10
     0    -1   107   197    10    10
     1    -2   311   401    10    10
    26   -15   229   319    10    10
   -13    -2   176   266    20    10
     1   -23   299   389    20    10
    19     8   158   248    20    10
    -2    -9   175   265    20    10
     2     9   280   370    10    10
     5    -3   352   442    20    10
    13   -26   201   291    20    10
    -2    14   330   420    20    10
   -15   -15   268   358    10    10
    -2    -2   124   214    20    10
     0    -2    66   156    10    10
     7    20   149   239    20    10
    -3    10   199   289    10    10
   -10    -1   153   243    10    10
   -10    22   235   325    20    10
   -11    -2    72   162    10    10
     5     3   224   314    20    10
     6    -6   341   431    10    10
    17   -22   355   445    10    10
    20    -6   180   270    10    10
   -26     4   301   391    20    10
    -5    -6   236   326    10    10
    16    -7   201   291    20    10
    29     1   151   241    10    10
    -5    -4   145   235    10    10
   -11   -28   299   389    20    10
   -23    12   276   366    10    10
     1     4   195   285    20    10
   -11   -15   330   420    10    10
    29    -1   274   364    20    10
     0    -4   257   347    20    10
    -1     6   300   390    20    10
     7   -15   328   418    20    10
    14   -26   347   437    20    10
    14     2    83   173    10    10
   -11    13   159   249    20    10
   -12   -23   100   190    20    10
    15    -4   295   385    10    10
    -1     4    88   178    10    10
    13    14    96   186    10    10
    -2    10   120   210    20    10
     2    -6   240   330    10    10
    -2    -3   179   269    20    10
     3     1   285   375    10    10
    -3     3   156   246    10    10
    -4    -4   285   375    20    10
    -9    -2   157   247    20    10
   -15     1    61   151    20    10
    -4    -1    80   170    20    10
     5   -21   248   338    10    10
     1    -4   279   369    20    10
    16     3   333   423    10    10
   -13     2   332   422    20    10
     5   -10    94   184    10    10
     2    -1   268   358    20    10
   -19    -4    75   165    20    10
    21    13   228   318    20    10
    -4   -21   155   245    20    10
   -14    18    64   154    20    10
    -6     6   125   215    10    10
    -1    -4   103   193    10    10
    23     2    10
    -1    21    10
   -20   -14    10
    11   -20    10
    28    22     0
   -11    30     0
   -29    23     0
   -38   -12     0
   -12   -33     0
    26   -21     0
