    11     0   126   216    20    10
    18    21   290   380    20    10
    -1    -3    96   186    20    10
   -23    -7   253   343    20    10
   -22     9   326   416    20    10
    -1    24    63   153    10    10
   -20    -3   271   361    20    10
     1    10   297   387    10    10
     6    25    94   184    20    10
    -8   -22   111   201    10    10
     2    -4   299   389    20    10
    27    10   110   200    20    10
    15    10    64   154    10    10
    -7    17   119   209    10    10
     6     3   200   290    10    10
   -14   -23    73   163    10    10
     0     0   234   324    20    10
   -29     4   297   387    10    10
    16    -3   170   260    10    10
   -19   -10   244   334    20    10
     5     1   199   289    10    10
     3   -11   213   303    10    10
    15   -18   360   450    20    10
     9    -6   169   259    10    10
    -1     0   146   236    20    10
     1    -4   333   423    10    10
    -9    -8   242   332    10    10
     1     0   212   302    10    10
   -12     0   220   310    10    10
    -8    -3   290   380    10    10
    23     6    10
    -6    21    10
   -18     8    10
   -14   -15    10
    22   -11    10
    -1    35     0
   -35    -2     0
    34   -15     0
