    -2    -7   113   203    10    10
   -18    -2   272   362    10    10
    16   -13   241   331    20    10
     2     7   290   380    20    10
    -7    -3   286   376    10    10
    21    13   100   190    20    10
    -3     9   309   399    10    10
     0     0   229   319    10    10
    -5     9    92   182    20    10
    12     9    63   153    10    10
    -2    16   317   407    20    10
     1    24   333   423    10    10
    -3    -2   224   314    10    10
    20     3   311   401    20    10
     4    -8   160   250    20    10
    26    -1   280   370    10    10
     5   -15   104   194    10    10
     8   -18    78   168    10    10
   -17    10   341   431    20    10
    -2    23   250   340    20    10
   -11     3   312   402    20    10
     2     4   351   441    20    10
     7     4   171   261    10    10
    25     4   183   273    10    10
     1    19   317   407    10    10
   -21   -18   173   263    20    10
    -3   -19   280   370    20    10
     3    18   190   280    20    10
     0     2   199   289    10    10
     2    -3   100   190    20    10
     5    21   100   190    10    10
     5     0   292   382    20    10
     3    13    66   156    10    10
    -9   -21   196   286    20    10
    -8    -5   262   352    10    10
     7   -23   122   212    10    10
    -3    -1   161   251    20    10
    -4    -1    66   156    10    10
    -5    15   271   361    20    10
    -3    -5   355   445    10    10
     0   -15   167   257    20    10
    -6     4   347   437    20    10
    -1     1   183   273    10    10
    -1     2   192   282    10    10
    -7     9   104   194    10    10
     9     3   231   321    20    10
   -21    14   276   366    10    10
   -14    -1   181   271    10    10
    -5    10   120   210    10    10
    -3     4   335   425    10    10
    21     7    10
   -22    12    10
    -2   -21    10
    21   -11    10
    35     4     0
    19    34     0
   -26    24     0
   -29   -22     0
     1   -34     0
    33    -3     0
