    11     0   350   440    10    10
    18    21   112   202    20    10
    -1    -3   174   264    20    10
   -23    -7   138   228    20    10
   -22     9   102   192    10    10
    -1    24   259   349    20    10
   -20    -3   179   269    20    10
     1    10   271   361    10    10
     6    25   203   293    10    10
    -8   -22    72   162    10    10
     2    -4   200   290    20    10
    27    10   260   350    20    10
    15    10   217   307    20    10
    -7    17    85   175    10    10
     6     3   330   420    10    10
   -14   -23   150   240    10    10
     0     0   334   424    20    10
   -29     4   201   291    20    10
    16    -3   166   256    10    10
   -19   -10   147   237    10    10
     5     1    73   163    10    10
     3   -11   223   313    10    10
    15   -18   225   315    20    10
     9    -6   170   260    20    10
    -1     0   150   240    10    10
     1    -4    93   183    20    10
    -9    -8   219   309    20    10
     1     0   333   423    20    10
   -12     0   319   409    20    10
    -8    -3   155   245    10    10
    23     8    10
   -14    17    10
   -20    -5    10
     5   -20    10
    31    24     0
    -9    34     0
   -31    17     0
   -25   -27     0
     0   -31     0
    32   -11     0
