     1     0   306   396    10    10
    20    17    93   183    20    10
     0     3   102   192    10    10
     3    -5   266   356    20    10
   -14    19   103   193    10    10
   -15   -25   178   268    10    10
     8    -1    69   159    10    10
     3    -6   201   291    20    10
     0   -11   271   361    20    10
    -4    -1   174   264    20    10
   -15   -15   241   331    20    10
    27     6    65   155    10    10
     3     8   357   447    10    10
   -18    15   291   381    20    10
   -16   -15   133   223    10    10
     6    20    90   180    20    10
     0     0   357   447    10    10
    21     8   218   308    10    10
    -3    24    92   182    20    10
    11   -26   138   228    10    10
     7    10   315   405    10    10
    -6   -21   308   398    20    10
     2    -1   279   369    20    10
    -1    23   181   271    20    10
     4     2   320   410    10    10
    22     2   301   391    10    10
    18    -2   333   423    20    10
     6     3   122   212    20    10
     0     5   300   390    20    10
   -14    10   101   191    10    10
    -2     1   337   427    20    10
    24    13   161   251    10    10
     0     4   201   291    20    10
     2     3   184   274    10    10
     1   -28    70   160    10    10
    -4    -4   212   302    10    10
    -3    24   274   364    10    10
     1   -30   159   249    10    10
     1     2   163   253    20    10
    -3   -27   152   242    20    10
    -9    11   236   326    10    10
     7   -22   268   358    10    10
     3    -6   340   430    20    10
    -4    17   323   413    10    10
   -11   -12   346   436    20    10
   -17     4   136   226    10    10
     5     3   153   243    20    10
     0     0   174   264    10    10
   -22    10   159   249    10    10
   -13    -4   153   243    20    10
   -15    -9   120   210    10    10
     2   -18   145   235    20    10
   -28    -1    81   171    20    10
    -7   -22   115   205    10    10
    -1     0   243   333    10    10
   -25    -5   200   290    10    10
     4    27   313   403    20    10
   -21   -11   193   283    20    10
   -12   -20   133   223    10    10
     4   -23    97   187    20    10
    -1   -15   198   288    20    10
    25    13   359   449    10    10
    19   -23   118   208    20    10
   -11    -5   209   299    20    10
     6    19   351   441    20    10
   -10     1   350   440    20    10
     5    -4   352   442    20    10
     3    -1   184   274    20    10
     0     0    87   177    10    10
    -4    -7   171   261    10    10
    18   -23   315   405    20    10
     1     3   247   337    10    10
    -5    -1   346   436    20    10
    -5    16   254   344    20    10
    -6    27   208   298    10    10
    22   -16   355   445    10    10
    -1    10   106   196    10    10
    29    -2   347   437    10    10
   -11    13   337   427    20    10
     1    22   181   271    20    10
    17     7    95   185    20    10
   -22    -4   158   248    10    10
    14     8   297   387    10    10
    15    24   258   348    10    10
     3   -15   293   383    10    10
     0     0   234   324    10    10
    -2     1   349   439    20    10
   -14     0   354   444    10    10
    -7     7   227   317    10    10
     3     3    92   182    10    10
    -4   -12   184   274    20    10
     1     9   197   287    20    10
    14    14   268   358    20    10
     2     9   185   275    20    10
    -8     5   192   282    10    10
   -11   -24   143   233    10    10
     0   -24   308   398    20    10
   -25    -3   222   312    10    10
     3   -13   111   201    10    10
   -13    -9   286   376    20    10
    14    15    10
    -8    19    10
   -23     2    10
     6   -21    10
    23    -8    10
    26    15     0
   -39     2     0
    27   -14     0
