     6   -13   244   334    20    10
   -14    -1   299   389    10    10
    26     7   245   335    10    10
   -28    -4    88   178    10    10
    12   -18   176   266    20    10
     8     2   121   211    20    10
     8     3   292   382    10    10
   -13     3   154   244    20    10
   -22    12   342   432    10    10
    -9    -1   203   293    20    10
   -18     6    85   175    20    10
     4   -23   117   207    20    10
    28     1   205   295    20    10
    16    -7   247   337    10    10
     1    -5   227   317    10    10
    -8    23    10
   -23    10    10
    13   -16    10
   -34    13     0
    21   -24     0
