    13     3   135   225    20    10
    14     4   141   231    20    10
     0    -3   221   311    10    10
    -2    14    89   179    20    10
     5   -24   228   318    10    10
   -23    10   136   226    20    10
    -4    13   322   412    20    10
    -5    -6   231   321    20    10
   -21    20   163   253    10    10
     2    -4   185   275    10    10
    23    -4   313   403    20    10
    -6   -21   136   226    20    10
    15    21    93   183    10    10
     1   -26   230   320    20    10
    -2    -3   250   340    10    10
     6    21    10
   -24     2    10
    -9   -22    10
    16   -13    10
    26    30     0
    -7    30     0
   -31    21     0
   -30   -17     0
    11   -35     0
    30   -16     0
