   -13    -7   271   361    20    10
    -6    -9   339   429    20    10
   -25     3   336   426    20    10
     1     0   246   336    10    10
     5   -14   196   286    10    10
    21    -4   309   399    20    10
    -5    18   252   342    20    10
     8     3   149   239    20    10
    -3    10   298   388    10    10
    -5    -3   258   348    10    10
     7    15   289   379    10    10
   -12    20    69   159    20    10
     0     4   216   306    10    10
    -1    16   219   309    10    10
     7   -25   124   214    20    10
   -21     2   305   395    10    10
    -1     0   137   227    20    10
   -11   -10   294   384    10    10
     0     0   160   250    20    10
   -22    10   335   425    10    10
     9    -2   184   274    20    10
     6   -20   105   195    10    10
    -9     0   103   193    20    10
     3    -1    67   157    10    10
    -4    -6   128   218    10    10
     9    15   217   307    10    10
    -2    -3   254   344    10    10
   -29     8    74   164    10    10
    22    18   312   402    10    10
    13     0   120   210    10    10
    19    -5   119   209    20    10
    -3     0   191   281    20    10
     7    12   200   290    10    10
     3     6   293   383    10    10
    29    -1   346   436    10    10
    -1    -6    81   171    10    10
   -10   -15   240   330    20    10
    14   -12   226   316    20    10
    24    12   164   254    20    10
     0    10   268   358    10    10
    21    19   151   241    10    10
     0    24   215   305    10    10
    26    12   263   353    10    10
    -9    -8   346   436    10    10
   -20     9   219   309    20    10
    16     7   328   418    10    10
     9     3   272   362    20    10
    -6    12   348   438    20    10
   -23    -4   227   317    20    10
    -5     0   132   222    10    10
   -11    21    10
   -13   -20    10
    15   -17    10
     3    36     0
   -33    -8     0
