    -9   -12   344   434    20    10
    14    21   358   448    10    10
    -9   -27   327   417    20    10
    -1   -22   217   307    20    10
     0     6   112   202    10    10
    11    -6   294   384    10    10
     5    12   341   431    20    10
   -13   -24   284   374    10    10
     7    -4   195   285    10    10
   -21     5   230   320    10    10
     6   -18   237   327    20    10
    -5    -1   235   325    10    10
    16   -21   337   427    20    10
    -4    15   277   367    10    10
     2    12    98   188    20    10
     6    22    10
   -13   -17    10
    21    -2    10
    -4    33     0
    -9   -37     0
