     0   -19   309   399    20    10
   -12    -6   140   230    10    10
    -5   -18   105   195    10    10
     1    -1    84   174    10    10
     9     9   140   230    10    10
     2     1   166   256    20    10
    -1     7   167   257    10    10
    13    10   197   287    20    10
    14    -8   101   191    20    10
     3   -20   167   257    10    10
    -5    -2   295   385    10    10
     5    15   142   232    10    10
    -4   -10   344   434    10    10
    -9    10   287   377    20    10
   -18   -16   211   301    20    10
     7   -28   202   292    20    10
     0     1    97   187    10    10
     7    -6   176   266    20    10
     9   -13   307   397    20    10
    -2    12   101   191    20    10
     2     0    64   154    10    10
    -3   -16   289   379    10    10
     1     6   301   391    10    10
    13     4    90   180    10    10
    -1   -19   198   288    10    10
     0    -4   207   297    10    10
   -20    12   174   264    10    10
    -1    -1   251   341    10    10
    -1     6   343   433    10    10
    -1    -4   280   370    10    10
    13     5    72   162    20    10
     1    -2   123   213    20    10
   -14    15   144   234    20    10
     5     8   281   371    20    10
     6    -9    71   161    20    10
    14    14   145   235    20    10
     3    -1   329   419    20    10
     7    -8   189   279    10    10
     7   -21   118   208    20    10
   -17   -13   118   208    10    10
   -27    10   252   342    20    10
     6   -12    81   171    20    10
   -17    11   139   229    10    10
    -1    10    84   174    20    10
    -6   -20   113   203    10    10
   -15   -13   349   439    10    10
     4    -8   315   405    10    10
     1     5   327   417    20    10
    -2     1   343   433    20    10
   -13     6   135   225    20    10
    22     2    10
    -6    20    10
   -18    -9    10
     1   -22    10
    15   -17    10
    19    34     0
   -29     7     0
    30   -22     0
