    15    -2   322   412    20    10
    22    -8   191   281    10    10
   -14    19    64   154    20    10
   -25    -3    63   153    10    10
     0     0   141   231    20    10
    16     1   128   218    10    10
   -21    -2   211   301    10    10
     9    -4   229   319    10    10
    17     5   101   191    20    10
    -1   -11   187   277    20    10
    21     8   259   349    10    10
    13   -15   346   436    20    10
    -1     5   253   343    10    10
    -7   -29   119   209    20    10
    20    14   333   423    10    10
    -1   -24   344   434    20    10
    16   -15    66   156    10    10
   -14   -21   322   412    10    10
   -17     4    92   182    10    10
   -15    -9   307   397    20    10
   -12   -14   271   361    20    10
    -9    10   177   267    20    10
    -9   -17   123   213    10    10
    25   -14    91   181    10    10
    22    -1    67   157    10    10
   -11   -10   313   403    10    10
    11   -18   218   308    20    10
     1    -4   171   261    20    10
    19     0   204   294    20    10
     1     2    77   167    10    10
   -16   -18   206   296    10    10
   -25   -10   105   195    10    10
    11    23   228   318    10    10
   -24    -7   137   227    10    10
     3    13    63   153    10    10
    17     6   308   398    10    10
   -28    -7    99   189    20    10
     1     6   295   385    20    10
    13    21   190   280    20    10
    -4    14   259   349    10    10
   -25     4   178   268    10    10
   -12    11   318   408    10    10
    -2     1   354   444    10    10
   -25    -9   314   404    10    10
    -8   -23   178   268    10    10
     6   -11   196   286    20    10
     3     7   303   393    10    10
     0     9   244   334    10    10
     9    25    86   176    10    10
    16     8   105   195    10    10
    24    -5   250   340    20    10
    18    -9   194   284    10    10
    14    23   360   450    10    10
     8    11   107   197    20    10
   -14     9   319   409    10    10
    13    11   150   240    20    10
    18    -9   185   275    10    10
    -2    -1   152   242    10    10
     1    27   173   263    10    10
    -5     8   341   431    10    10
     7    -5   102   192    10    10
    -9     5   106   196    20    10
    -1     4   292   382    20    10
     7     1   146   236    20    10
    -6    -1   310   400    20    10
     9    -2   101   191    20    10
    -7    12   141   231    10    10
   -25     7   322   412    10    10
    10    13   326   416    10    10
     5    -4   297   387    20    10
     9     5    86   176    10    10
     0     0   161   251    10    10
     3     1   326   416    10    10
    15    19    65   155    20    10
    15     9   197   287    10    10
    -3     0   352   442    20    10
   -16    15   248   338    10    10
     6   -12   193   283    20    10
     0   -16   106   196    20    10
    -2     7   170   260    10    10
    10    -3   262   352    20    10
     4     9   304   394    20    10
     5     8   243   333    20    10
    10    11    81   171    10    10
    -6     7   214   304    20    10
   -19     1   199   289    10    10
    25    15   232   322    20    10
   -27   -13   168   258    10    10
     6   -10   137   227    10    10
    20    12   313   403    20    10
    18    -9   167   257    10    10
    -4    -4    73   163    10    10
     4     5   328   418    10    10
     6    16    94   184    10    10
   -21   -16   246   336    10    10
     0     0   158   248    10    10
    -3    -3    97   187    10    10
     9    -4   298   388    10    10
   -17    -6   279   369    20    10
     0    -2   287   377    10    10
     1    24    10
    -7    22    10
   -20    -8    10
     2   -22    10
    28    21     0
     1    39     0
   -35    16     0
   -30   -17     0
    -2   -39     0
    28   -18     0
