     1     0   217   307    10    10
    -3   -19   270   360    10    10
     8   -13   341   431    10    10
    -5    21   224   314    10    10
    13    -9   291   381    10    10
   -14    25   114   204    20    10
     7    25   156   246    20    10
    -8    15    87   177    20    10
     6   -18    95   185    10    10
   -16    19   347   437    10    10
   -18    17   135   225    10    10
    -5    23   226   316    20    10
   -23    12   273   363    20    10
   -20     4   210   300    20    10
    29     5   195   285    10    10
     4     2   120   210    20    10
     1     3   107   197    20    10
     3    -1   232   322    20    10
    -1    -3   354   444    10    10
    26    -5   196   286    20    10
    -4    -5   263   353    10    10
     9    12   279   369    20    10
    -9    24   337   427    20    10
    13     5   254   344    10    10
    15   -18   297   387    20    10
    22     2   304   394    20    10
   -12     4   238   328    20    10
    -2    -4   308   398    20    10
    17   -14   239   329    10    10
   -22    19   233   323    10    10
     6    -1   164   254    20    10
    13   -20   251   341    10    10
     2     6   234   324    20    10
    -2     0   155   245    20    10
    -8    17   343   433    20    10
    -6   -11   134   224    10    10
    21    20    68   158    20    10
   -17    -9   240   330    20    10
    17     5   194   284    10    10
    16   -23   162   252    20    10
     0    10   342   432    10    10
     9   -10    72   162    10    10
     4    12   278   368    10    10
    27    10   119   209    10    10
    20    -9   239   329    20    10
    -7    -1   100   190    10    10
     1   -11   209   299    20    10
    -7     5   302   392    10    10
    -7   -11   233   323    20    10
    -1   -11   115   205    20    10
     8     7   335   425    10    10
    15   -18    72   162    20    10
    -6    -3   193   283    10    10
   -11    11   131   221    10    10
   -20     7   291   381    20    10
    -5   -25   335   425    10    10
     0    -3   336   426    20    10
    -1    11   103   193    10    10
     4    23   118   208    10    10
    10     0   335   425    20    10
    23   -16   257   347    20    10
    -1    -9   247   337    20    10
   -17   -10   351   441    10    10
     3    -2   158   248    20    10
    -6     0   229   319    10    10
     3    -1   192   282    10    10
    10   -23   176   266    10    10
    -2    22   274   364    20    10
   -20     4   270   360    10    10
   -16    -4   241   331    20    10
     0    -1   259   349    10    10
     6    -2   177   267    20    10
    -1     0   274   364    10    10
     0    -7   257   347    10    10
   -10    16   336   426    10    10
   -12    14   358   448    20    10
   -17     8   320   410    10    10
     3     5    65   155    10    10
     6   -15   280   370    10    10
     4   -26    90   180    10    10
     4    -3   242   332    10    10
    16    -8   173   263    10    10
   -20    19   130   220    20    10
     6    -6   335   425    10    10
    -8    -4   271   361    20    10
    -5     9   112   202    20    10
   -19    -9   297   387    20    10
     8     8    69   159    20    10
    -6   -12   347   437    10    10
     0     0    96   186    20    10
    -7   -10   130   220    20    10
     0    15   122   212    20    10
    -9    10   197   287    10    10
     2     5   298   388    20    10
    19    14   253   343    20    10
    -8   -14   143   233    10    10
    -1     5   181   271    10    10
   -12    -5   147   237    20    10
    17     2   276   366    20    10
    15   -13    79   169    10    10
    -6    20    10
   -22     4    10
     1   -24    10
    18    30     0
     8   -29     0
