    14     1   343   433    10    10
    -3     1   288   378    10    10
   -10    -8   205   295    20    10
    24     0   236   326    20    10
    17   -20   132   222    20    10
     0     0   231   321    20    10
   -19   -14    62   152    20    10
     3    -4   178   268    10    10
   -15    22   288   378    20    10
     0     1   175   265    10    10
   -11   -27   161   251    20    10
    -2     2   295   385    10    10
    18   -24   208   298    20    10
   -17    21   288   378    10    10
     7    27   312   402    20    10
    -1    -1   298   388    20    10
    17    -9   202   292    20    10
    -1     2   175   265    10    10
    -6    -6   165   255    20    10
    -6    -2   127   217    20    10
     9    16   269   359    10    10
    18    17   144   234    20    10
   -10     4    60   150    20    10
    25     3   200   290    10    10
     6    29   173   263    10    10
    16    10   299   389    20    10
    12    14   171   261    10    10
     1    -9   118   208    10    10
    -8   -12   203   293    10    10
     2    -3   190   280    10    10
    22     7    10
   -24     2    10
     2   -22    10
    29    18     0
    35    -4     0
