    -8    -2    72   162    10    10
     9    -3   112   202    20    10
   -16     3   239   329    20    10
    -8    -1   142   232    20    10
    -2    -6   347   437    20    10
    -7    -9   231   321    10    10
     6    -7   324   414    20    10
     5    11   110   200    20    10
   -14     0   204   294    20    10
    11    -4   124   214    10    10
    -4     3   171   261    20    10
     2     6    77   167    10    10
    -1     0   165   255    10    10
    -5   -10    69   159    10    10
    10   -16   250   340    20    10
    20     3    10
    -8    23    10
   -19   -12    10
    -3   -22    10
    18   -17    10
    34    12     0
   -27    17     0
     1   -32     0
