     0     9   196   286    20    10
    21    -9   332   422    10    10
     0     7   201   291    20    10
   -25    -2   275   365    20    10
    -8    15   163   253    20    10
    -1    -6   124   214    10    10
    -3    26   106   196    20    10
    24     0   283   373    10    10
     1     0   221   311    10    10
     0     0    93   183    20    10
    -4   -20   264   354    10    10
    -3     2   177   267    10    10
    -1    -2    75   165    20    10
    16   -24    61   151    20    10
    -1     1   139   229    10    10
     2    24    10
    -5    22    10
   -19   -10    10
     5   -23    10
    29    24     0
    -2    36     0
   -30    14     0
   -21   -24     0
    13   -30     0
    32    -8     0
