    -1     5   173   263    10    10
    -6    -3   175   265    20    10
    -7     7   142   232    20    10
    -3    13   277   367    10    10
     5    -7   179   269    20    10
     3     5   154   244    10    10
    15    19   353   443    20    10
    -3    -1   312   402    10    10
    -6    25   326   416    10    10
    -2   -21   181   271    20    10
    -5   -10   329   419    10    10
   -22    -2   157   247    20    10
    -8   -18   313   403    10    10
   -22    19   212   302    10    10
     1     2   301   391    10    10
    -2   -18   224   314    20    10
   -17   -10   227   317    20    10
    -5    -7   359   449    20    10
    -1     3   316   406    10    10
     3   -20   189   279    10    10
    -1    10   168   258    20    10
    -4   -13   146   236    20    10
    -2   -17   128   218    20    10
    -4     2   245   335    20    10
     3    -3   262   352    10    10
    -7     0   106   196    10    10
    20    -4    83   173    20    10
    25   -16   192   282    20    10
   -19   -22   171   261    10    10
    25     0   313   403    20    10
    -2   -10   306   396    20    10
     7    -1   275   365    10    10
    15     7   197   287    20    10
    -5     5    73   163    10    10
    11     6   273   363    20    10
     2    13   162   252    10    10
    21    15    78   168    10    10
    14    16   246   336    20    10
    -9   -10   279   369    20    10
     4     5   270   360    20    10
    -8    19   281   371    10    10
    -5     6   118   208    20    10
    -1   -23   305   395    20    10
   -16     5   330   420    10    10
    20    19    84   174    10    10
     1    -1   215   305    10    10
    -2    -5   169   259    20    10
     6     9   300   390    20    10
     1    -1   255   345    20    10
   -23    -1   260   350    10    10
     7    20    10
   -14    16    10
    -7   -23    10
    21    -4    10
    34    14     0
     9    32     0
   -18    27     0
   -38    -9     0
    11   -38     0
    31   -18     0
