     1    -2   315   405    20    10
     0    -8   196   286    20    10
     4    -3   221   311    20    10
    26    12   219   309    20    10
     0    -8   119   209    20    10
    -4    -1   296   386    20    10
    10     9   300   390    10    10
    20     3   272   362    10    10
     3    24   106   196    20    10
   -16     3   340   430    10    10
    21    -2   285   375    20    10
     3   -10   241   331    10    10
     7     2   107   197    10    10
     0   -21   225   315    10    10
    28     9   269   359    10    10
    10    -5   290   380    20    10
     1    -2   181   271    20    10
     1   -12   279   369    20    10
    -5   -23   211   301    20    10
   -18   -17   196   286    10    10
     0     0   316   406    10    10
     9    -1   164   254    10    10
    12     9   104   194    10    10
   -11   -17   144   234    20    10
    -1     0   302   392    10    10
     2     0   196   286    20    10
     9    -1   307   397    20    10
    -1     1   328   418    10    10
    -1    20    73   163    20    10
   -13    10   287   377    20    10
     4   -18   243   333    10    10
   -10    -4   277   367    20    10
    -5     1   220   310    10    10
   -16   -23   103   193    10    10
    -3     1   271   361    20    10
   -12     7   297   387    10    10
    22    -3   266   356    20    10
     2     3   142   232    10    10
   -22    16   124   214    20    10
   -28     0   234   324    10    10
    15     8   116   206    10    10
    14    13   129   219    20    10
   -29    -1   219   309    10    10
    -3    -3   357   447    20    10
    -5     3   171   261    10    10
    -1     0   131   221    10    10
    29    -2   126   216    10    10
    11   -13   150   240    20    10
    18     3   121   211    20    10
    18   -23   192   282    20    10
   -14    16   220   310    10    10
   -22    15   140   230    20    10
     8    12   287   377    20    10
   -12    -3   288   378    10    10
    -5     5   191   281    20    10
    -6    -2   125   215    20    10
    -1     8   156   246    20    10
   -13    25   290   380    20    10
    29    -8   125   215    10    10
    -4    -5   137   227    10    10
    15     0    65   155    10    10
   -19    -8   265   355    10    10
     3     3   259   349    10    10
    13    -2   209   299    20    10
    26     4    62   152    20    10
    23     3   175   265    20    10
    16     1   297   387    10    10
     1   -10   176   266    20    10
    16     6   139   229    20    10
     5   -10   211   301    20    10
    -2    -2   101   191    10    10
    16     6    80   170    20    10
     1    -9   326   416    10    10
   -24    13   236   326    10    10
    28     2   245   335    10    10
    -1    -4   307   397    10    10
    -6   -15   359   449    20    10
    -8    -2   152   242    20    10
    14    -2   347   437    20    10
    -1    19   230   320    10    10
     4    23   117   207    20    10
    28     8   283   373    20    10
     7    21   255   345    10    10
     8    -4   183   273    10    10
   -18    -2   222   312    20    10
    11    -1   277   367    10    10
    15     5   219   309    10    10
    -9    -2   142   232    10    10
     0     0   117   207    10    10
   -21    11   126   216    20    10
   -14    -9   318   408    20    10
    -1     1   237   327    10    10
   -13     6   202   292    20    10
   -24     7   311   401    20    10
   -17     1    63   153    20    10
    -1     2    72   162    20    10
    -4    -5   250   340    10    10
    10     7   156   246    20    10
    22    -5   265   355    20    10
   -12    -8   170   260    20    10
    16    15    10
   -13    19    10
   -19     6    10
     0   -21    10
    22    -8    10
   -12    36     0
   -36   -16     0
    35    -2     0
