     3     7   135   225    20    10
     5     3    92   182    10    10
     8    25   215   305    10    10
    -4     1   206   296    20    10
    26     9   342   432    20    10
    -6     2   180   270    20    10
   -10   -12   202   292    20    10
   -18     3    67   157    20    10
   -23    18   229   319    10    10
    21   -21   277   367    20    10
   -13   -19   343   433    20    10
     0     9   286   376    20    10
   -10    -4   114   204    10    10
   -18     8   353   443    20    10
   -27   -11   336   426    10    10
    19     3   273   363    10    10
   -24     9   358   448    10    10
   -25     9   359   449    20    10
    22    -6   288   378    10    10
    -5    -2   302   392    20    10
    24    -8   200   290    10    10
    13    -3    69   159    20    10
    13    17   185   275    10    10
   -13   -10   132   222    20    10
     0     0   127   217    20    10
     5    28   227   317    10    10
    -1    -1   215   305    20    10
     0     0   118   208    20    10
     1     0   293   383    20    10
    14     3   176   266    10    10
    20     9    10
     4    21    10
   -20     6    10
     6   -21    10
    12   -17    10
    25    28     0
   -30    17     0
     7   -29     0
