   -20    17   271   361    20    10
     5    12   339   429    20    10
   -20   -22   336   426    20    10
     9     4   246   336    10    10
     5     5   196   286    10    10
     0     0   309   399    20    10
    14    19   252   342    20    10
    -9    25   149   239    20    10
     0    -2   298   388    10    10
     5   -27   258   348    10    10
     1    -1   289   379    10    10
    23     3    69   159    20    10
     6     3   216   306    10    10
    -5    -7   219   309    10    10
     1     1   124   214    20    10
    -1    -1   305   395    10    10
    20     8   137   227    20    10
     7   -19   294   384    10    10
    -4    -1   160   250    20    10
    19     5   335   425    10    10
    15    -5   184   274    20    10
   -13    25   105   195    10    10
   -20    -4   103   193    20    10
   -15     5    67   157    10    10
    -6   -17   128   218    10    10
     8    -8   217   307    10    10
    11    26   254   344    10    10
     6    -3    74   164    10    10
    -5   -23   312   402    10    10
    -9    10   120   210    10    10
     2    -1   119   209    20    10
     1     2   191   281    20    10
   -20    -8   200   290    10    10
   -13   -21   293   383    10    10
    21    20   346   436    10    10
     3     2    81   171    10    10
   -17   -18   240   330    20    10
     0     9   226   316    20    10
     7    -8   164   254    20    10
   -14   -23   268   358    10    10
     4    -7   151   241    10    10
    21    -9   215   305    10    10
   -14    -6   263   353    10    10
   -17     3   346   436    10    10
    -3    25   219   309    20    10
    -3     0   328   418    10    10
    -3   -13   272   362    20    10
   -22     3   348   438    20    10
    25    -3   227   317    20    10
    -1     0   132   222    10    10
    10    21    10
   -20    -6    10
    16   -15    10
    17    34     0
     6   -31     0
 