    -7   -11    69   159    10    10
   -19     9   317   407    10    10
     6     0   114   204    10    10
    10    -1   344   434    10    10
     0    21   134   224    20    10
     3     0   194   284    20    10
     9   -28   341   431    10    10
    -5    -6   111   201    10    10
     8    19   174   264    10    10
   -16    -8   104   194    10    10
    -5    -1   288   378    20    10
   -21   -13   313   403    10    10
     4   -13   317   407    10    10
    13     3   253   343    20    10
    20    -7   302   392    20    10
     6     5   251   341    20    10
     2    -3   282   372    20    10
     7    -7   323   413    20    10
    10   -11   104   194    10    10
     5    13   263   353    10    10
    -6    -9    74   164    10    10
   -11    13   236   326    10    10
    -4    18   175   265    10    10
    -2    -5    95   185    10    10
   -23     1   113   203    20    10
     5   -24   182   272    20    10
   -16   -17   166   256    10    10
   -16   -13   146   236    20    10
   -11     0   166   256    10    10
    -6    -2   226   316    20    10
     4    24    10
   -21    11    10
   -25    -4    10
    20    -5    10
    40     3     0
    14    30     0
   -26    16     0
   -33   -16     0
    13   -32     0
    36    -8     0
