     5    -5   227   317    10    10
   -18    19    72   162    10    10
    17    -1   161   251    10    10
   -18    -3   177   267    20    10
   -16    -7   307   397    20    10
     1    -1   231   321    10    10
     2     1    87   177    20    10
    -8   -12   157   247    20    10
    15     0   230   320    20    10
     8     2   213   303    20    10
   -17   -23   179   269    10    10
    27     8   103   193    20    10
   -12    13   323   413    20    10
     9     8   144   234    10    10
    18   -17   331   421    10    10
   -10     5   320   410    20    10
    -1    22   231   321    10    10
    19    11   293   383    10    10
     6   -11   173   263    10    10
    12    25   254   344    10    10
     4   -16   264   354    20    10
   -14    -6   135   225    10    10
    -5   -25   162   252    10    10
   -24    -2   216   306    10    10
    13   -20   279   369    20    10
     8     9   199   289    10    10
     2     2   211   301    10    10
   -17   -21   215   305    20    10
     4    23   312   402    20    10
   -23     9   119   209    20    10
     9    13    70   160    20    10
     5    -1    67   157    20    10
    19   -19   253   343    20    10
   -16     4    75   165    10    10
    -2    -2   243   333    10    10
   -14    24   219   309    10    10
    29     6    60   150    10    10
   -19   -21   224   314    10    10
     0     1   155   245    20    10
    14     8   245   335    10    10
   -20     8   222   312    20    10
    16     8   232   322    10    10
     1    -7   157   247    20    10
   -14    14   153   243    10    10
    -6    -1    64   154    10    10
    -1   -18    95   185    10    10
   -13    12   182   272    20    10
    -5    20   278   368    20    10
    -8    -4   194   284    10    10
    -2    -3   154   244    20    10
   -11    -7   135   225    10    10
     9     4    67   157    20    10
    28   -10   100   190    10    10
    19    11   304   394    10    10
    -3    -2   238   328    10    10
    -3    28   261   351    10    10
     0     0   179   269    20    10
   -14   -21   200   290    10    10
    -9     2   110   200    10    10
    26    -8    75   165    10    10
    -4    -1   123   213    20    10
    -5    -7   153   243    20    10
    -1    17   192   282    20    10
     6    -5   159   249    10    10
   -20     8   240   330    10    10
    11    13   317   407    10    10
    -2    16   122   212    20    10
    -4   -28   266   356    20    10
   -27    10   322   412    10    10
     8    12   280   370    20    10
     7    20   345   435    10    10
     2    10   310   400    10    10
    18     2   254   344    20    10
     9    -4   239   329    20    10
    -7    15    74   164    20    10
   -10    18   310   400    20    10
     1    -2   273   363    20    10
    18     2   170   260    20    10
    -2    -7   290   380    20    10
   -13    -2   139   229    20    10
     4    -6   263   353    20    10
    -7    -2   298   388    20    10
   -18    14    88   178    20    10
    20   -19   260   350    10    10
    -6   -15   201   291    20    10
    -2     3   155   245    10    10
   -20    -8   168   258    10    10
    -5    14   157   247    20    10
    -7   -19   237   327    10    10
     6    15   131   221    10    10
    -2   -13   264   354    20    10
    -1    -5   162   252    10    10
    17    16   131   221    10    10
    18    -5   124   214    10    10
    18    -7   124   214    10    10
     0     1    72   162    20    10
    -4     5   122   212    20    10
     6   -19    81   171    10    10
    22    -3   130   220    10    10
   -11    13   262   352    10    10
    23     4    10
   -19   -16    10
     6   -23    10
   -15    35     0
     1   -33     0
