    21     9   271   361    20    10
     3   -25   339   429    20    10
     0    -7   336   426    20    10
    -4   -21   246   336    10    10
     1     1   196   286    10    10
    -7   -20   309   399    20    10
    10    -2   252   342    20    10
    11     8   149   239    20    10
     4    -2   298   388    10    10
   -28    -2   258   348    10    10
     3     1   289   379    10    10
     2   -13    69   159    20    10
    -8    18   216   306    10    10
    -2     2   219   309    10    10
    19    15   124   214    20    10
     7    28   305   395    10    10
   -16   -14   137   227    20    10
   -21     1   294   384    10    10
     6     8   160   250    20    10
     6    23   335   425    10    10
     4    -2   184   274    20    10
    -2    -6   105   195    10    10
     2     1   103   193    20    10
    -2    -1    67   157    10    10
     7    -2   128   218    10    10
     0     1   217   307    10    10
    28     7   254   344    10    10
    10    -1    74   164    10    10
    -9   -20   312   402    10    10
    -8     6   120   210    10    10
    -9    -1   119   209    20    10
    -4    12   191   281    20    10
    22     7   200   290    10    10
    -7    28   293   383    10    10
   -17   -17   346   436    10    10
    -5    -6    81   171    10    10
   -17   -18   240   330    20    10
   -13    11   226   316    20    10
    12     4   164   254    20    10
     2    -3   268   358    10    10
   -11    15   151   241    10    10
    -6    10   215   305    10    10
    -8    -8   263   353    10    10
    -1     6   346   436    10    10
     2     2   219   309    20    10
    -4    -3   328   418    10    10
     3     1   272   362    20    10
   -22    12   348   438    20    10
    -8    -8   227   317    20    10
     6     5   132   222    10    10
     7    19    10
   -19     7    10
    15   -16    10
     4    40     0
    33   -14     0
