    -2    -1   227   317    10    10
    14   -15   147   237    20    10
   -21    -7   160   250    10    10
   -15    -2   285   375    20    10
    -7    -4   169   259    10    10
    11    23   208   298    20    10
    -7     5    91   181    20    10
     2    -2   184   274    10    10
    -2   -19   329   419    20    10
     0     5   268   358    20    10
   -10    13   312   402    20    10
     4     2   331   421    20    10
     1     0   274   364    10    10
    12     1   210   300    20    10
     4    -2   270   360    20    10
     3    -2    81   171    20    10
   -13   -17   316   406    10    10
     6   -22   339   429    20    10
    13     6   246   336    10    10
    15    13   348   438    20    10
   -15   -24   307   397    10    10
    -6    11   284   374    20    10
   -25    10   321   411    20    10
   -26   -13   191   281    20    10
    -3    -7   120   210    10    10
    22    12   321   411    20    10
   -15    -4   105   195    10    10
    -8     7   321   411    10    10
   -18    23   289   379    20    10
    -5     4   309   399    10    10
     8    -5   140   230    10    10
    11    16   323   413    20    10
   -20    11   116   206    10    10
    -2    -2   154   244    10    10
   -12    21   169   259    20    10
    14     9   100   190    20    10
    23    -4   154   244    10    10
   -14     5   284   374    10    10
    11     0   276   366    20    10
    -1     5   137   227    20    10
    -9    -8   353   443    20    10
    15   -12   343   433    20    10
    -7   -19    89   179    20    10
     7    -9   280   370    10    10
   -10   -12   176   266    20    10
    -3    -7   312   402    20    10
     4     1   263   353    10    10
     8     6   332   422    20    10
     0     1    86   176    10    10
     0     0   136   226    20    10
    16    15    10
   -18    18    10
   -23    -8    10
   -13   -17    10
    19    -9    10
    28    17     0
   -34    21     0
    -2   -30     0
