     6    17   353   443    20    10
    25     0    90   180    10    10
    21   -17   325   415    10    10
   -14    14   189   279    20    10
   -18   -15   148   238    20    10
    -3    -4   349   439    10    10
     5    25   293   383    20    10
    -6     3   249   339    10    10
     4    10   123   213    20    10
    15    12   341   431    20    10
     2     4   205   295    20    10
    -7    -1   171   261    10    10
     3    18   258   348    20    10
   -12     0   222   312    20    10
    11    15   148   238    10    10
     9    14   198   288    10    10
   -10    14   325   415    10    10
    25     4   236   326    20    10
   -11   -12   283   373    20    10
    18     2   185   275    20    10
     6   -10   270   360    20    10
     6     8   300   390    10    10
     0     1   185   275    10    10
    19    23   163   253    10    10
    -5   -21   154   244    20    10
     2   -12   193   283    10    10
    11    -7   145   235    20    10
    16    14   325   415    20    10
     7    -1   277   367    10    10
   -15     3    76   166    20    10
    21    13    10
   -19    -6    10
     0   -24    10
    25    19     0
    24   -19     0
