   -16     2   104   194    20    10
     2    -7    73   163    20    10
   -18    24   327   417    10    10
    15    -4   152   242    20    10
   -10   -16   218   308    10    10
     5   -16   252   342    10    10
    -8    16    76   166    10    10
     7    -7   194   284    20    10
   -16    13    92   182    20    10
    -3     2    74   164    20    10
    10    16   339   429    10    10
    -6    17   237   327    20    10
    -7   -23   303   393    10    10
    -7   -11   113   203    20    10
   -11   -17   156   246    10    10
    16    14    10
   -24    -3    10
     4   -21    10
    26    17     0
   -33   -13     0
