    -7   -11   145   235    10    10
   -19     9   195   285    10    10
     6     0   335   425    20    10
    10    -1   159   249    10    10
     0    21   358   448    10    10
     3     0   298   388    10    10
     9   -28   133   223    10    10
    -5    -6   137   227    10    10
     8    19    64   154    20    10
   -16    -8   143   233    10    10
    -5    -1    87   177    10    10
   -21   -13   163   253    20    10
     4   -13   164   254    10    10
    13     3   287   377    10    10
    20    -7   172   262    10    10
     6     5   173   263    20    10
     2    -3   182   272    20    10
     7    -7   120   210    10    10
    10   -11   107   197    10    10
     5    13   360   450    20    10
    -6    -9   201   291    20    10
   -11    13   226   316    10    10
    -4    18   310   400    10    10
    -2    -5    94   184    20    10
   -23     1   108   198    20    10
     5   -24   122   212    20    10
   -16   -17   189   279    10    10
   -16   -13   325   415    20    10
   -11     0    67   157    10    10
    -6    -2    62   152    20    10
    10    22    10
   -12    20    10
   -22    12    10
     2   -21    10
     9   -23    10
    33     6     0
   -31     2     0
    13   -34     0
