     4    -5   159   249    10    10
    -1     9   300   390    20    10
    -3    -5   163   253    20    10
     3    -3   195   285    20    10
    -3    -3   155   245    20    10
   -20    10   315   405    10    10
     0     1   196   286    10    10
     0     1   260   350    10    10
    -9    -1    64   154    20    10
    20    19   206   296    10    10
    20    -4   180   270    20    10
    21    16   133   223    20    10
    -2     9   322   412    10    10
    11    20    90   180    20    10
    -7    24   121   211    10    10
   -20    -3   301   391    10    10
    -6    -7   308   398    10    10
    15    21   278   368    10    10
    -4   -20   202   292    10    10
   -17    -9    93   183    20    10
    19   -12   135   225    20    10
    14     8   119   209    20    10
    11    17   253   343    10    10
     4     4   146   236    10    10
     2    -7   357   447    20    10
    14    16   330   420    10    10
    -1   -13   148   238    20    10
   -21    -6   234   324    20    10
    22    -3   203   293    10    10
    -2    26    74   164    10    10
   -21    15   212   302    10    10
   -11    22   261   351    10    10
     6    -5   316   406    20    10
     1     0   223   313    20    10
    -9   -25   156   246    10    10
    12   -25   234   324    10    10
    -8    26   120   210    20    10
    10   -16   185   275    10    10
   -10    12   126   216    10    10
    11    -4    91   181    10    10
    18    18   307   397    20    10
   -14     0   294   384    10    10
    19    13   268   358    10    10
     6   -14   315   405    10    10
     3     0   236   326    20    10
    19     6   177   267    20    10
     6    14   319   409    10    10
    -7     2   295   385    10    10
    18    11   155   245    10    10
    11   -15   286   376    20    10
    21     9    10
   -14    16    10
   -15   -15    10
    11   -17    10
    28    20     0
   -13    34     0
   -26    29     0
   -26   -23     0
    14   -32     0
    30   -10     0
