     6   -15   332   422    20    10
    -4    -3   293   383    10    10
    25     1   183   273    20    10
    -1   -18   316   406    10    10
   -13     3   157   247    10    10
    15   -13   245   335    20    10
   -15   -21   142   232    20    10
    16    17   299   389    20    10
    -1     0   236   326    10    10
   -10   -21   353   443    10    10
   -19    11   303   393    20    10
    -2    -2   222   312    20    10
     2     3   303   393    10    10
    24    12   354   444    10    10
    -2     0   169   259    10    10
   -14     3   245   335    20    10
    -2    24   190   280    20    10
   -10    12    83   173    20    10
    14    -9   210   300    20    10
   -10     9    65   155    20    10
    -6     2   271   361    10    10
    -1    -1   334   424    20    10
     1    -1   248   338    20    10
   -11    23   354   444    10    10
   -17     5   348   438    10    10
   -18   -17   207   297    20    10
     7   -10   191   281    10    10
    26    13    78   168    20    10
     3     0   277   367    10    10
     1     1   262   352    10    10
    11    -1   111   201    10    10
    10     3   221   311    10    10
   -20    17   247   337    10    10
    19     2   357   447    20    10
    15   -10   264   354    20    10
    14   -22    93   183    20    10
     0    27    92   182    10    10
    -6    -7   279   369    20    10
   -17    11   151   241    20    10
    15     6   342   432    10    10
    10    25   358   448    10    10
    -4   -12   179   269    20    10
    21    14   233   323    10    10
    11    -8   347   437    20    10
   -14     1   303   393    10    10
    13   -22   190   280    20    10
     1     1   276   366    20    10
    20   -16   221   311    20    10
     6   -20   347   437    20    10
    -2     2   144   234    10    10
     0   -28   350   440    20    10
   -27   -11   189   279    10    10
     5   -12   266   356    10    10
     3     0   280   370    10    10
    -6    21   267   357    20    10
    19    20    76   166    10    10
     1     0   328   418    10    10
    -4     5   249   339    10    10
    -3    -1   165   255    10    10
     8    21    82   172    10    10
     4     7   269   359    20    10
     2    -1   311   401    10    10
    -7    -4   134   224    10    10
    -7     3   146   236    20    10
    -7    11   320   410    10    10
   -22     0   226   316    20    10
   -22     7    86   176    20    10
     0     3   314   404    20    10
    -1     4    77   167    10    10
     8     3   336   426    10    10
     9   -11   171   261    10    10
   -14    -4   294   384    20    10
    -2     7   306   396    20    10
    -1     5   346   436    10    10
     7   -16   234   324    20    10
    -3    10   304   394    20    10
     9   -26   201   291    20    10
   -15    17   298   388    10    10
    -9     9   116   206    20    10
    -1     4   219   309    20    10
    11    10   283   373    20    10
    -6   -15   130   220    10    10
    -2    15   201   291    10    10
    20   -14   305   395    10    10
     9     8   144   234    10    10
   -28    10   242   332    20    10
    -6   -12   102   192    10    10
   -20   -15   256   346    20    10
     2    -2   326   416    10    10
    -9     9   348   438    10    10
     9   -22   301   391    10    10
     6   -27   113   203    20    10
    -1     0   262   352    20    10
    -2     1   220   310    10    10
    -2    -4   117   207    10    10
    -5     3    87   177    20    10
   -17     1   338   428    20    10
   -27    -1   232   322    20    10
    -3   -27   133   223    10    10
     0     0   171   261    20    10
     2    20    10
   -11    18    10
   -23    -2    10
    20    -6    10
    28    19     0
    14    33     0
   -38     8     0
   -30   -27     0
     7   -33     0
    29   -14     0
