    -1    -2   325   415    20    10
   -17    11   298   388    20    10
    -6    -2   341   431    20    10
    -5    21   172   262    10    10
    11    18   135   225    10    10
    -7     4   114   204    10    10
    -1    18   231   321    20    10
     1     3   342   432    20    10
    -1    -6   241   331    10    10
   -24    15   206   296    20    10
   -11    18   329   419    10    10
   -21    -9   118   208    10    10
     4    -3   157   247    10    10
    14    12   159   249    10    10
    -7     1   105   195    10    10
    -1    -2   190   280    10    10
     1     4   305   395    10    10
    -2     1   340   430    10    10
    11    20   329   419    20    10
   -18    10   254   344    10    10
     2   -18   317   407    20    10
    -4    27   320   410    20    10
   -11    25   229   319    10    10
    17     6   107   197    10    10
    27    -4   283   373    10    10
    12     0    90   180    10    10
    30     0   280   370    10    10
   -12   -24   235   325    20    10
     0     4   147   237    10    10
   -12    10   173   263    20    10
     3     4   148   238    10    10
    24     5    93   183    20    10
    -3    -6   239   329    10    10
    16    16   323   413    20    10
     5     6   171   261    20    10
     6    22    82   172    20    10
    -7   -18   259   349    10    10
    -7    -3   126   216    20    10
   -14   -18    86   176    20    10
    -3    29   317   407    10    10
     5   -18   295   385    20    10
   -14     6   289   379    20    10
     7    21    98   188    10    10
    21    -3    90   180    20    10
     5    24   297   387    10    10
   -14     2   126   216    20    10
    18   -13    99   189    20    10
    -4     0   127   217    20    10
    -9    -9    82   172    20    10
     8    12   231   321    20    10
    16    19   321   411    10    10
     6     1   135   225    20    10
     0    -1   194   284    20    10
    -1     1   160   250    20    10
    -1    12   138   228    20    10
   -16    -7   351   441    20    10
    -9    17   300   390    20    10
     2     1    88   178    20    10
     0     6   117   207    10    10
   -20     0   177   267    20    10
    -1    15   231   321    10    10
    12     5   170   260    10    10
    -8     4   100   190    20    10
   -10    10   209   299    10    10
     2    -3    73   163    10    10
    -5    -2   299   389    20    10
    17    19   242   332    20    10
   -16    -7   168   258    20    10
     1     5   190   280    10    10
    13    -3   250   340    20    10
    -7     3   186   276    10    10
     1     0   213   303    10    10
    13     0   305   395    20    10
    -7    -2   218   308    20    10
    -2   -28   283   373    20    10
   -12    -1   259   349    10    10
    17    14   312   402    20    10
    15     8   257   347    20    10
    -9    -7   357   447    10    10
    -2    15   280   370    20    10
   -20    18   138   228    10    10
    -5    -2   109   199    20    10
   -12    26   213   303    20    10
    -6   -18   107   197    10    10
    -1    21   151   241    20    10
    20    -8   319   409    20    10
     0     0    89   179    10    10
    -5    -2   230   320    20    10
   -21     4   306   396    20    10
    -3   -13   161   251    10    10
   -20     3   152   242    20    10
   -22    -7   277   367    20    10
     0    -9   136   226    20    10
    -3   -10   137   227    10    10
   -23    -9   234   324    10    10
     8     0   302   392    10    10
   -20    -3   191   281    10    10
   -14   -25    90   180    10    10
     1     2   119   209    20    10
   -11    -6   353   443    10    10
    18    15    10
   -15    14    10
   -19    11    10
    -8   -23    10
    21    -9    10
    14    32     0
   -19   -24     0
    -5   -30     0
