    -1    -5    98   188    10    10
     0     0   150   240    10    10
    -1     0   290   380    20    10
    10    21   146   236    20    10
   -16   -12   347   437    20    10
     5    -1   193   283    10    10
     0    16   203   293    10    10
    -3    -6   229   319    20    10
    -1     0   226   316    10    10
    14    16   119   209    10    10
   -10    -6   311   401    20    10
    -2     2   231   321    20    10
     9   -11   281   371    10    10
    -3     0   251   341    10    10
     1     0   330   420    20    10
     8    19    10
    -2    20    10
   -21    -6    10
   -17   -16    10
    20   -12    10
    36    10     0
   -22   -26     0
    13   -29     0
