   -12    10   305   395    20    10
   -11   -27   173   263    20    10
    18    -9   310   400    10    10
     0     0   208   298    20    10
   -10    13   327   417    20    10
   -10     6   226   316    20    10
    -9    10   269   359    10    10
     0    10   147   237    10    10
    -6    -9   320   410    20    10
    -9     8   342   432    10    10
   -23     6   209   299    10    10
   -10     4   260   350    20    10
    -1   -12   113   203    20    10
   -17   -16    61   151    20    10
     8   -16   215   305    20    10
    22     1    10
   -12    16    10
    -9   -22    10
     9   -18    10
    32    11     0
    -3    35     0
   -33     0     0
   -31    -1     0
    -9   -32     0
    25   -17     0
