     1    -1   288   378    10    10
    11    -9   190   280    20    10
    20     7   123   213    20    10
    -4   -12   148   238    20    10
    -2    -4   328   418    20    10
   -10     5    87   177    10    10
    -5     8   306   396    20    10
    21    16   105   195    20    10
   -25    -6   127   217    10    10
    17    11   208   298    20    10
     8     8   127   217    20    10
   -10     1   354   444    20    10
     1     3   195   285    20    10
    10     4   225   315    10    10
   -18   -16   327   417    10    10
     1   -13   163   253    20    10
    24    -4   176   266    20    10
    11   -26   311   401    10    10
    -7    23   230   320    10    10
    -1     2   169   259    20    10
     8     9   112   202    20    10
   -28    -8   246   336    10    10
   -11    11    64   154    20    10
    -7    -2    63   153    10    10
   -18     9    72   162    20    10
   -21   -17   346   436    20    10
     9    21   146   236    20    10
    11    10   207   297    20    10
    -8     5   248   338    10    10
    20    -3   310   400    20    10
    -9   -17   243   333    10    10
   -18   -20   264   354    20    10
    22    -4   321   411    10    10
    -9   -13   186   276    10    10
     2    -7   296   386    20    10
     9    -8   244   334    10    10
     3   -22   199   289    10    10
     9     9   151   241    10    10
    11    -3   115   205    20    10
   -19    14    78   168    10    10
     0     0   321   411    10    10
     1    -3   317   407    20    10
    -7     0   143   233    20    10
     3    -8    99   189    20    10
     3    -2   327   417    20    10
   -10     8   251   341    20    10
     1     0   289   379    20    10
    -2     4   351   441    20    10
     9    26   301   391    10    10
    -8     1   314   404    20    10
    24     4    10
   -24     3    10
   -22    -7    10
     4   -22    10
    32    15     0
     6    39     0
   -31     7     0
   -33    -3     0
   -10   -38     0
    19   -29     0
