   -10     9   273   363    20    10
   -12    11   285   375    10    10
    25     4   115   205    10    10
    -7     1   328   418    20    10
    27    -1   244   334    10    10
     3    29   197   287    10    10
    -7     0    80   170    10    10
    -2    -4    92   182    10    10
    -3   -21   359   449    10    10
     6    27    79   169    10    10
     8     4   224   314    10    10
   -26     3    88   178    10    10
    16    -3   271   361    20    10
   -10   -14   144   234    10    10
    -4     5   123   213    20    10
   -17    23   250   340    20    10
    -9     0   164   254    10    10
     3     6   210   300    20    10
    -7    -5   207   297    10    10
     0    -7   295   385    10    10
    10   -23   207   297    20    10
    -2    25   356   446    20    10
    19    -2   321   411    10    10
    -9   -22    78   168    20    10
    -4   -20   309   399    20    10
   -26    -4    80   170    10    10
     4    25    80   170    20    10
    11     5   253   343    20    10
   -14   -16   178   268    10    10
    -1    28   153   243    10    10
    14   -17   122   212    10    10
     6     8   225   315    10    10
    20    12   274   364    20    10
     6    -8   279   369    20    10
     2   -27    69   159    20    10
     1     0   307   397    20    10
     7    11    69   159    10    10
     0     1   345   435    10    10
   -14    -7    81   171    10    10
    20    11   276   366    10    10
    19   -11   200   290    20    10
     2     3   183   273    10    10
     2     2   312   402    20    10
    -1    11   333   423    10    10
     7   -18   127   217    20    10
    15     1   223   313    20    10
    16   -22    67   157    20    10
    -5   -25   253   343    20    10
     1     1   289   379    10    10
    15   -18   352   442    20    10
    19    16    10
   -23     4    10
    -5   -20    10
    -3    39     0
     9   -31     0
