    12    -5    79   169    20    10
    28    -3   120   210    10    10
    12    -9   233   323    20    10
    -6    -3   297   387    10    10
    -1    19   150   240    10    10
    12   -11   312   402    10    10
    -5    -4   272   362    10    10
     3    14   181   271    10    10
    14   -21   309   399    20    10
    12    -6   270   360    10    10
   -17     1   332   422    20    10
    11     7   189   279    10    10
    17    11    67   157    10    10
    12    10   187   277    10    10
    -3    -8   138   228    20    10
    -8    -4   151   241    20    10
    -2     3   106   196    10    10
    29    -7    85   175    10    10
    -2   -15   222   312    10    10
    -9    -5   321   411    10    10
     6   -22    75   165    10    10
   -16     1    92   182    20    10
     0     0   300   390    10    10
   -22     4   358   448    10    10
   -29     3    94   184    20    10
    11    12    76   166    10    10
    11     9   139   229    20    10
     3     0   352   442    20    10
     0     0   240   330    20    10
    -3    -7   112   202    10    10
     1    23    10
   -22     2    10
   -21    -7    10
    17   -12    10
    31    12     0
   -12    28     0
   -28    28     0
   -27   -26     0
     5   -34     0
    32    -7     0
