    -6    16   301   391    10    10
   -19     6   242   332    20    10
     1     0   270   360    20    10
     3     7   282   372    10    10
     2     1   222   312    20    10
   -10   -19   237   327    10    10
   -23     5    93   183    10    10
    21    11   231   321    10    10
     2    -2   195   285    10    10
    -8    13   351   441    10    10
   -19    -2    89   179    20    10
     1     0   261   351    10    10
   -21    -8   117   207    10    10
    10     1   349   439    10    10
    23    15   216   306    10    10
    25     4    10
   -17    12    10
    18   -12    10
   -34    18     0
    27   -17     0
