    -2    -3    79   169    10    10
     0    -1   271   361    20    10
    19     2    72   162    10    10
     8    -3   188   278    20    10
     1    13   344   434    20    10
    14    -7   355   445    10    10
    -4    -1   100   190    20    10
     0     3   291   381    10    10
    -2    10   326   416    10    10
   -26     9    77   167    10    10
     2    14   204   294    10    10
   -22    15   245   335    10    10
    24    -2    64   154    20    10
    -8    18    88   178    10    10
    -4     1    67   157    10    10
    23    10    10
    -8    20    10
   -16   -14    10
    13   -18    10
    36     5     0
   -16    27     0
   -19    25     0
   -36   -16     0
    -7   -36     0
    32   -21     0
