     2   -22   300   390    10    10
    -2     1   128   218    20    10
    -3    -7   320   410    10    10
     1   -18   222   312    20    10
     2    -1   208   298    20    10
    -4    10   339   429    10    10
     5     1   220   310    20    10
    24     8   140   230    10    10
    21     1   255   345    10    10
   -12   -24   111   201    10    10
    11    26   314   404    20    10
    26   -11   235   325    20    10
    -2   -26   352   442    10    10
     5    -4   130   220    20    10
     5     1   358   448    10    10
     9    -1   129   219    20    10
    24   -11   340   430    10    10
     4   -10   215   305    20    10
   -15   -13   301   391    10    10
    13   -18   336   426    10    10
   -11    -8   338   428    20    10
     8    -6    63   153    10    10
     3    28   192   282    10    10
   -13     9    84   174    20    10
     2     7   349   439    20    10
   -14     1   307   397    20    10
    -1   -17   245   335    20    10
     4    -1   262   352    20    10
     0    -4   343   433    10    10
    25    -9   292   382    10    10
    -8   -20   181   271    10    10
   -16     2    80   170    10    10
    14    21   202   292    20    10
     0     0    70   160    20    10
   -15    -2   231   321    10    10
    -6   -18   348   438    20    10
     3     8   138   228    10    10
    18    20   320   410    10    10
     0   -13   217   307    20    10
   -17    18   180   270    10    10
    21   -20    76   166    10    10
   -20    13   177   267    10    10
    16    21   294   384    20    10
    -5     2   307   397    10    10
   -14    -5   112   202    20    10
    10     0   188   278    20    10
    16    -7    62   152    20    10
     3     5   116   206    10    10
    21    21   233   323    20    10
     1    11   181   271    10    10
     8    23    10
    -2    22    10
   -20     1    10
   -13   -17    10
    12   -19    10
    -8    34     0
   -30    -4     0
    25   -21     0
