   -11   -13   341   431    10    10
     1    17    95   185    20    10
   -14   -23   303   393    10    10
    11    -3   269   359    10    10
    18   -20   173   263    10    10
     2   -24    63   153    10    10
     0    -1    73   163    20    10
    -3     6    69   159    10    10
    13     1    71   161    20    10
    -4    -3   219   309    10    10
     3   -22   347   437    20    10
   -12     9    99   189    10    10
     2     0   353   443    20    10
   -22     9   288   378    20    10
     9    -2   305   395    20    10
     2     5   145   235    10    10
   -16   -20   314   404    10    10
     5     2   144   234    10    10
   -10    12   329   419    20    10
     3     9   123   213    20    10
     1    25   272   362    20    10
    18    -8   190   280    10    10
    12     8    73   163    20    10
    -4   -22   317   407    20    10
    11    -8   329   419    10    10
    -4    -3   102   192    10    10
     2    -2   165   255    20    10
   -17    16   284   374    10    10
    17    -1   351   441    20    10
     0     0   148   238    20    10
   -12    25   317   407    20    10
   -25    -3   336   426    20    10
   -22   -16   266   356    20    10
   -14     1   276   366    10    10
   -19   -13   164   254    20    10
    -3    -3   178   268    20    10
    24    -6    85   175    10    10
    13     4   263   353    10    10
    -9   -13   112   202    20    10
     8   -15   124   214    10    10
    24   -16   238   328    20    10
     8     1   340   430    20    10
     4   -18   112   202    20    10
     0     0    81   171    20    10
     0     2   128   218    10    10
     5    -7   185   275    10    10
    25     1   249   339    10    10
   -13    -2   197   287    20    10
   -12     9   308   398    10    10
    -7   -17   183   273    10    10
    -2     0   150   240    20    10
     3     8   184   274    10    10
     0     0   173   263    10    10
     9   -21   153   243    10    10
    12    24   214   304    10    10
     5     7   302   392    10    10
    12     2   171   261    10    10
     8     6   347   437    20    10
     5    -9   157   247    10    10
     5     2   122   212    20    10
    -7     4   135   225    10    10
   -21    14   217   307    10    10
     8   -10   275   365    20    10
     5    -8   146   236    10    10
    10    17   331   421    10    10
     4     1   351   441    20    10
    -2    -1   331   421    10    10
     9     4   306   396    20    10
   -20     7   129   219    20    10
     4    11    75   165    10    10
   -12   -14   257   347    20    10
   -24    14   127   217    20    10
   -11    -2   286   376    20    10
   -12     9   328   418    20    10
   -17    -4   272   362    10    10
    14    10   256   346    20    10
     1     4   154   244    20    10
     1    -1   103   193    20    10
    10    -1   126   216    10    10
     0     0   268   358    10    10
    -4    19   305   395    10    10
     6    22   255   345    10    10
   -17    13   159   249    10    10
    -2    -4   230   320    10    10
     9   -12    73   163    20    10
    -8     6   285   375    20    10
    -4    27   273   363    20    10
   -14   -15   344   434    10    10
    21   -11   216   306    20    10
    -1    -2    83   173    20    10
    -9   -27   135   225    10    10
    18    -7   153   243    10    10
     4   -25   195   285    20    10
    -8   -16   346   436    20    10
     0   -12   288   378    20    10
    10     6   317   407    10    10
    -1     0   279   369    10    10
    12     7   166   256    10    10
     5    -4   287   377    10    10
    -9   -27   355   445    20    10
     4    21    10
   -17    16    10
    -4   -24    10
    19   -16    10
    28    18     0
   -10    32     0
   -21    34     0
   -20   -28     0
    17   -34     0
    29   -11     0
