   -14     1   154   244    10    10
     3     2   297   387    10    10
    -4    -7   154   244    10    10
     1     3   112   202    10    10
    -2    -4    74   164    20    10
     5    -5   116   206    20    10
     5    -2    64   154    10    10
    12   -18   207   297    10    10
    -1    -3   200   290    10    10
   -29    -3   309   399    10    10
     4    -3   131   221    10    10
    -4     5   339   429    10    10
    -7    -9   214   304    20    10
    -9     6   221   311    10    10
   -21    20   308   398    20    10
    14   -25    74   164    10    10
     2     6   306   396    10    10
   -27   -12   181   271    20    10
    -6    13   226   316    10    10
    10    -1   118   208    20    10
   -28     6   201   291    10    10
    -3    -4    82   172    10    10
    -1     0   135   225    20    10
     2     2   357   447    20    10
    18    -7    90   180    10    10
     1    -4   317   407    10    10
    -9   -11   162   252    10    10
    13    -8   231   321    10    10
   -25     0   141   231    10    10
    -6    -2   248   338    20    10
    21     7    10
   -14    17    10
   -22    -2    10
   -14   -16    10
    12   -16    10
    33    18     0
   -24   -31     0
    -2   -36     0
