    -4     0   334   424    20    10
     2     1   101   191    20    10
     2     8   161   251    10    10
   -15     0   125   215    10    10
    -4    -2   151   241    10    10
    -3    12   231   321    10    10
   -18    14   162   252    20    10
   -15     7   112   202    20    10
     6    18    76   166    20    10
    -6     8    72   162    10    10
    -7   -20    73   163    10    10
    -3     5   295   385    20    10
     0    -3   207   297    10    10
   -15     2    94   184    20    10
    12    -7   241   331    20    10
   -16    16    90   180    10    10
    -5    -3   129   219    20    10
    13    18   101   191    20    10
   -17   -15   148   238    20    10
     2    17   312   402    20    10
    -6    -3   317   407    10    10
   -14    -5   176   266    10    10
   -10    -2   354   444    20    10
   -14     4    70   160    10    10
   -21     9   264   354    20    10
    22     0   285   375    20    10
    20     1   254   344    20    10
    21    -3   141   231    20    10
    -1    18   221   311    20    10
   -11    10   359   449    10    10
   -21     4   354   444    20    10
    -9    -1   209   299    10    10
     6    -5   259   349    20    10
   -14   -10   242   332    10    10
     6   -12    72   162    10    10
     1     0   167   257    20    10
   -15    10   252   342    20    10
    11    -2   110   200    20    10
    14   -12   347   437    10    10
    29     6   100   190    10    10
   -21    -1   175   265    20    10
     0   -11   150   240    10    10
    11   -10   277   367    20    10
    -4     8   124   214    10    10
    13     1   122   212    20    10
   -27     3   120   210    20    10
     6   -15    72   162    10    10
    15    16   103   193    10    10
     1     7   343   433    10    10
   -29     7   270   360    20    10
    25   -14   121   211    10    10
    -7   -13   130   220    20    10
   -17     5   101   191    20    10
     7    20   333   423    20    10
    10    14    86   176    10    10
   -25   -14   277   367    20    10
     0     0   143   233    20    10
     3    -6   185   275    20    10
   -12    -3   109   199    10    10
    -2     2   217   307    10    10
   -15    -2    98   188    20    10
    -5    -2    75   165    20    10
    -3   -13   242   332    10    10
     3   -14   209   299    20    10
    -5    -9    83   173    10    10
    15    11   124   214    10    10
     0     4   188   278    10    10
   -17    17   160   250    10    10
   -14    17   242   332    10    10
    12    11   289   379    20    10
     3    11   272   362    20    10
     4   -14   346   436    10    10
     2    16   285   375    20    10
    -9   -16   199   289    10    10
   -27     7   320   410    10    10
    -8    17   212   302    10    10
   -27    -6   265   355    10    10
   -20   -17    62   152    10    10
     1     8    67   157    10    10
    -2    12   329   419    10    10
    -2    -1   160   250    20    10
    11     6   234   324    10    10
    -5     2   171   261    20    10
   -28     6   332   422    10    10
    24    -1    81   171    10    10
     1    -1    62   152    10    10
     1    15   260   350    20    10
     0     0   318   408    10    10
   -12    -1   195   285    20    10
     3     0   195   285    20    10
   -16    18   286   376    20    10
    -4   -15   317   407    10    10
     4     2    69   159    10    10
    24   -10   263   353    10    10
    -1    -2   105   195    20    10
    -6   -12   231   321    20    10
    -3     2   132   222    20    10
     0    16   324   414    20    10
    -4    10   273   363    10    10
    -9    -4   237   327    10    10
    20    14    10
     5    22    10
   -21   -12    10
   -14   -19    10
    21   -10    10
    29    13     0
   -23    21     0
     9   -34     0
