    -4     8    62   152    20    10
     1     1   193   283    10    10
    -5   -20   145   235    10    10
    -4   -20   142   232    20    10
    13   -18   164   254    10    10
   -21    -1   167   257    20    10
   -14     4   224   314    10    10
     8   -12   319   409    20    10
    15   -16   258   348    10    10
   -13     9   207   297    10    10
    -8     0   248   338    10    10
   -18   -11   348   438    20    10
     1    -6   308   398    20    10
    -5    -1   156   246    10    10
    -8   -22   284   374    10    10
    -9   -14    99   189    20    10
     6    -1   149   239    20    10
     6    -6   298   388    10    10
    -4    -4   102   192    10    10
     0    10   243   333    10    10
    -6    11   271   361    20    10
     2     8   157   247    20    10
    17    10   310   400    10    10
   -22     7   126   216    20    10
   -16   -22   135   225    20    10
     0     0    88   178    20    10
    -2     1   118   208    10    10
    -4   -28   231   321    10    10
    24     2   351   441    20    10
    -6   -10   262   352    20    10
    23     6    10
   -22    11    10
     3   -24    10
   -33    20     0
   -22   -33     0
