   -28     4   236   326    20    10
     4    -3   175   265    10    10
    -6   -23   281   371    20    10
    11     1   130   220    20    10
    15   -13   323   413    20    10
    15    -8   349   439    10    10
    21    11   318   408    10    10
    13     2   227   317    10    10
    -5    22    65   155    10    10
     1    -2    79   169    10    10
    24   -15   223   313    20    10
    -3    14   279   369    20    10
     2    15    73   163    20    10
    23   -11    78   168    20    10
    10    -1   167   257    10    10
   -11    14   220   310    10    10
    22    -7   355   445    20    10
    -9    -1   354   444    20    10
    -1    -3   292   382    10    10
    -1     8   312   402    10    10
     0     1   264   354    20    10
     3    -5   291   381    20    10
    21    -7   287   377    10    10
   -12     3   179   269    10    10
   -19    16   260   350    10    10
    29     3    93   183    20    10
     2     6   185   275    20    10
    -3   -19   121   211    10    10
     9    18    86   176    10    10
    20    -4   305   395    20    10
    -1     6   276   366    10    10
     9     7   183   273    10    10
     1   -10   272   362    10    10
    -9     9   294   384    10    10
    -4     4   144   234    20    10
     3    -2   304   394    20    10
    -4    -4   353   443    10    10
    -9    -9   208   298    10    10
    25     3   116   206    20    10
   -19    -5   327   417    10    10
    -4     0   102   192    20    10
    -2    -6    93   183    20    10
    24   -13   336   426    20    10
    -2    -1   187   277    20    10
   -22    17   189   279    10    10
    12    23    90   180    20    10
    22     1   154   244    10    10
    -4    -1   254   344    20    10
    -8     9   155   245    20    10
     2     1   193   283    20    10
    -1     5   235   325    10    10
    12     1    62   152    20    10
   -16    -9   306   396    10    10
    16    -6   177   267    20    10
    13   -25   186   276    10    10
   -10     5   187   277    10    10
    -1    28   322   412    20    10
   -20   -22   298   388    10    10
    -8   -20   102   192    10    10
    23     9   115   205    20    10
   -12    -2   289   379    10    10
    -5     9   358   448    10    10
     7   -11   333   423    10    10
    22    -1   159   249    20    10
   -24     9   251   341    10    10
    -2     0   142   232    20    10
     7     7    67   157    10    10
    21     1   258   348    10    10
     1    -1    73   163    20    10
    -2    -6   319   409    20    10
     3     6   130   220    10    10
    -3    -1   143   233    20    10
   -22    11   233   323    10    10
     0   -20   221   311    10    10
   -12    16   111   201    10    10
    -2    -5   262   352    20    10
   -16     3   226   316    20    10
   -10     3   275   365    10    10
    -1    -4   300   390    20    10
     8     0   188   278    10    10
    27    -4   285   375    10    10
    -7    -8   124   214    20    10
     7    -6   346   436    10    10
    -1     0   184   274    10    10
   -14     0   130   220    10    10
     5     1   198   288    10    10
     3     2   338   428    20    10
   -11   -13   245   335    10    10
    14    12   126   216    10    10
    -6    26   165   255    20    10
    27     4    98   188    20    10
     1    22   203   293    20    10
   -16    21    65   155    10    10
     5    -8   250   340    10    10
     3   -26   295   385    10    10
    -3     3   302   392    10    10
    18    24    63   153    20    10
     6    -4   315   405    20    10
    10   -27   284   374    20    10
    -8    13   146   236    20    10
     1    21    10
   -19    13    10
     5   -22    10
   -27    19     0
    31   -10     0
