   -15    -8   170   190    10    10
   -21    -8   185   205    10    10
   -22    -7   129   149    10    10
     0     0   267   287    20    10
   -19     4   211   231    20    10
     0    -1   334   354    20    10
    -1    28   240   260    10    10
     9   -23   263   283    20    10
    -1    -2    98   118    10    10
    12    -9    81   101    10    10
    24    12   258   278    10    10
    -5    -5   219   239    10    10
     4     0    94   114    20    10
    -3     3   123   143    10    10
    -9     2   255   275    20    10
    -9     1   341   361    20    10
    12     0   112   132    10    10
   -18    17   279   299    10    10
    10   -19   170   190    20    10
   -17    24   319   339    20    10
   -15    17   149   169    20    10
    -5     7   219   239    10    10
     6     5   239   259    20    10
   -15    26    63    83    10    10
    -1    -6   114   134    20    10
     0    -3   199   219    10    10
   -23   -11   226   246    20    10
   -19    20   131   151    20    10
   -21    18   260   280    20    10
   -10   -11   289   309    10    10
   -25     7   159   179    20    10
     0     0    62    82    20    10
     3    -1   119   139    10    10
   -13    -2   205   225    20    10
    -6    -9   154   174    10    10
    -2    -4   309   329    20    10
     1     0   127   147    10    10
    14    -5   343   363    10    10
   -19    12   251   271    10    10
    16    17   267   287    10    10
    17   -17   261   281    10    10
    13    20   106   126    10    10
    27     0   247   267    20    10
   -27     1   203   223    10    10
     3    15   166   186    10    10
    16   -21   135   155    10    10
   -26    14   119   139    10    10
    15    23   195   215    10    10
    10   -28   191   211    20    10
    13   -19   347   367    10    10
    22     5    10
   -21     7    10
    12   -21    10
    22    29     0
   -36   -14     0
