    12    27   310   330    10    10
   -14     3   338   358    20    10
    -1    -1   167   187    20    10
    -9    -9   206   226    20    10
    10    -4   249   269    20    10
     6   -24   199   219    10    10
     2    -3   190   210    10    10
   -17   -15   220   240    20    10
    -2    29   217   237    10    10
   -19   -13    75    95    10    10
    -2    21   357   377    10    10
    -2    15   338   358    10    10
    -6     9    78    98    20    10
    26     5   354   374    20    10
     6    13   268   288    20    10
     0     0   153   173    20    10
    26    12   275   295    10    10
    -1     2   203   223    20    10
    11   -23   183   203    10    10
     2     0   226   246    10    10
   -14    20   258   278    10    10
    -3     2   166   186    10    10
    -9   -17   110   130    20    10
    16   -20   160   180    10    10
    -6    -6   166   186    10    10
    12     1    68    88    10    10
    27    -6   325   345    20    10
     1   -12    67    87    10    10
    -2    21   353   373    20    10
   -15     9   299   319    10    10
    12     9   346   366    10    10
   -10    -8   336   356    10    10
     3     1   253   273    20    10
    -2    -9   204   224    20    10
    20     9   248   268    10    10
    12    27   283   303    20    10
   -14     3   191   211    10    10
    -1    -1   158   178    20    10
    -9    -9   117   137    10    10
    10    -4   206   226    20    10
     6   -24   139   159    10    10
     2    -3   140   160    10    10
   -17   -15   357   377    20    10
    -2    29   229   249    10    10
   -19   -13   215   235    20    10
    -2    21   195   215    10    10
    -2    15   133   153    20    10
    -6     9   133   153    10    10
    26     5   224   244    10    10
     6    13   101   121    20    10
     0     0   259   279    20    10
    26    12   198   218    10    10
    -1     2   344   364    20    10
    11   -23   315   335    20    10
     2     0   332   352    20    10
   -14    20   320   340    10    10
    -3     2   259   279    20    10
    -9   -17   323   343    20    10
    16   -20   309   329    10    10
    -6    -6   132   152    10    10
    12     1   328   348    10    10
    27    -6    82   102    20    10
     1   -12   231   251    20    10
    -2    21   118   138    10    10
   -15     9   305   325    10    10
    12     9   352   372    10    10
   -10    -8   178   198    20    10
     3     1   119   139    20    10
    -2    -9   101   121    20    10
    20     9   125   145    10    10
    15   -23   187   207    20    10
   -24    -9   334   354    20    10
   -15    21   187   207    10    10
     6    -4   151   171    10    10
    25    -5    98   118    10    10
    -8   -10   310   330    20    10
   -27     3   142   162    20    10
     9    10   247   267    20    10
     0     0   251   271    20    10
    15   -23   134   154    20    10
    -4     1   150   170    10    10
     6    11   311   331    20    10
   -11    -7   327   347    10    10
     0     0   215   235    20    10
     1    28   330   350    20    10
     5   -13   225   245    10    10
     6     6   226   246    10    10
     7    -9   255   275    20    10
     2    -3   318   338    20    10
   -21   -16   152   172    10    10
   -14    -2   300   320    20    10
     7    14   119   139    10    10
     9   -17   295   315    10    10
   -12    12   325   345    20    10
     9    -5   319   339    10    10
   -15     1   202   222    10    10
    -5    -3   148   168    20    10
   -22   -11   333   353    10    10
     6    10   188   208    10    10
   -10     9    79    99    20    10
    26   -11    78
    98    20    10
     4   -27    46
    66    10    10
    16    22    66
    86    20    10
     1   -13   129
   149    20    10
