    -6    12   293   313    10    10
   -17   -24    66    86    20    10
    20     5    93   113    20    10
     8     4   314   334    10    10
     0     3   261   281    10    10
    -1     7   248   268    20    10
     1    11   244   264    10    10
   -12    -2    71    91    20    10
    21    11   148   168    10    10
    11   -14   298   318    10    10
   -12    18   177   197    20    10
   -13    21   191   211    20    10
    -8    -5   316   336    20    10
     5     0   337   357    10    10
     1    10   261   281    10    10
    -4    12    78    98    20    10
    13    13   184   204    20    10
    -1    15   270   290    10    10
   -17    -8   253   273    20    10
    25    -4   301   321    20    10
    13     2    84   104    10    10
     2    -7   141   161    20    10
     1    24   249   269    10    10
     3     3   244   264    20    10
    25    16   117   137    10    10
   -17   -18   190   210    10    10
     4    -9   145   165    20    10
     7    13   267   287    20    10
    20     0   211   231    10    10
     2     3   308   328    20    10
    20    -6   289   309    10    10
   -22   -18   259   279    10    10
     1   -23   173   193    20    10
    -4    -3    98   118    10    10
     2    -2   339   359    20    10
    -1     0   296   316    10    10
     2     2   353   373    10    10
   -25    14   124   144    10    10
    -2    -4   222   242    10    10
     1   -13    98   118    20    10
    20     5   191   211    10    10
    -1   -25   174   194    10    10
    16     3   183   203    20    10
    14   -17   282   302    10    10
    13    11    80   100    10    10
     6   -14   210   230    10    10
   -14    16   250   270    10    10
     4     0   323   343    10    10
     9     0   219   239    20    10
   -17     4   131   151    20    10
   -15     9   283   303    10    10
    -1    -1   104   124    10    10
    15   -18    70    90    10    10
    -5     0   123   143    10    10
    -4    -5   336   356    20    10
    22    12   280   300    10    10
    13   -24   216   236    20    10
    18    15   120   140    10    10
    -8   -12   109   129    10    10
   -10    -8   228   248    20    10
    -6     5   314   334    20    10
   -23    10   157   177    20    10
    -4   -24   206   226    20    10
     1     5   204   224    20    10
    15   -17   354   374    20    10
    10    -9   127   147    20    10
    22    13    90   110    20    10
     7   -10   204   224    10    10
     7   -10   113   133    20    10
    -1    -1   139   159    20    10
    -2     0   243   263    20    10
     3    -1   313   333    10    10
   -21   -15   114   134    10    10
     3    -2   273   293    10    10
   -11   -13   117   137    20    10
    13   -14   170   190    10    10
   -10    -2   179   199    20    10
    -1   -26   336   356    20    10
   -22    -1   293   313    20    10
    -2    14   214   234    20    10
    -1    -1    88   108    10    10
    17    21   218   238    20    10
    23   -14   140   160    20    10
   -20   -14   249   269    20    10
     2    -2   234   254    20    10
   -24   -15   248   268    20    10
     0     0   265   285    20    10
    -9    -1    96   116    10    10
     0    -1   180   200    10    10
   -15    -1   353   373    20    10
     8    10   173   193    10    10
    -9    19   250   270    20    10
   -16    -1   213   233    20    10
    -4   -16   112   132    20    10
   -11     2   125   145    10    10
   -17     9   137   157    10    10
     4    -7   204   224    20    10
     1    -6   310   330    20    10
     9    28   289   309    10    10
     0    -6   268   288    10    10
    21     3    10
   -23     5    10
   -14   -18    10
    19   -15    10
    28    24     0
    12    33     0
   -23    29     0
   -34    -3     0
    13   -28     0
    24   -24     0
