    13   -19   261   281    10    10
    -4   -19   201   221    20    10
    -7     6    94   114    10    10
    10    -8   308   328    20    10
     9   -14   108   128    10    10
    -4     8   313   333    20    10
    -3    -6   131   151    10    10
     4     1   162   182    10    10
    -5    11   123   143    10    10
   -14    12    80   100    10    10
    -6    14   165   185    20    10
     3    -3   129   149    20    10
     6    20   171   191    20    10
    -7    -1   345   365    10    10
    15    -7   332   352    20    10
   -15   -23   280   300    20    10
     0    -1    80   100    20    10
   -19   -17    89   109    10    10
     4   -26   313   333    20    10
    -7    -5   330   350    20    10
     0     0   236   256    10    10
   -21    17    83   103    20    10
    20    11   310   330    20    10
    -8     2   294   314    20    10
    -8    24    92   112    10    10
     0    -9   106   126    10    10
    -1     0   238   258    10    10
    15    -8   123   143    20    10
    -2     0   288   308    10    10
     0     3   235   255    20    10
    -3   -20   139   159    10    10
    13     3    94   114    10    10
     1    -8   307   327    20    10
    -3    -1   204   224    20    10
   -16    -2   312   332    20    10
    -5    -6   185   205    20    10
   -17   -13   335   355    20    10
     5   -20   124   144    10    10
   -26   -13   258   278    20    10
     4    -6   202   222    10    10
    -3    -2   145   165    20    10
     8     8   183   203    20    10
    -1   -21   356   376    10    10
    -4     3    90   110    10    10
     0    -7   100   120    10    10
    16     9   209   229    20    10
    -6     0   244   264    20    10
     0     2   102   122    20    10
    14   -12    73    93    10    10
    11     1   301   321    10    10
   -16    12   228   248    20    10
     4   -24   240   260    10    10
     4     4   191   211    20    10
   -23   -14   128   148    10    10
   -18     1   302   322    20    10
   -27     4   170   190    10    10
    -2     3    91   111    20    10
     7     8   203   223    20    10
     4   -13    97   117    10    10
     1     5   194   214    10    10
   -12    -3   294   314    10    10
     8    16   318   338    20    10
    -3   -10   338   358    10    10
    -1    -9   307   327    20    10
    -9    13   310   330    20    10
     6   -22   254   274    20    10
   -23    11   129   149    20    10
    23     9   304   324    10    10
    -4     2   346   366    20    10
    23    16   355   375    20    10
   -13     7   247   267    10    10
    12     0    71    91    10    10
    21   -17   339   359    10    10
     0     0   172   192    20    10
    11   -12   167   187    10    10
   -27    -7   340   360    10    10
    14   -24   216   236    20    10
     5     0   279   299    10    10
    21     9   191   211    10    10
     0    27   307   327    10    10
   -14   -16   158   178    10    10
    13   -15   355   375    10    10
    22   -19   312   332    20    10
     1    -8   227   247    10    10
   -19    -1   294   314    20    10
    13   -11   131   151    10    10
     7    24   280   300    20    10
     0     3   275   295    20    10
    15   -17   107   127    20    10
     7    -8   215   235    20    10
    -8    11   304   324    10    10
     1    -5   174   194    10    10
     4   -13   264   284    20    10
     4    18    78    98    10    10
    -4    -1   255   275    20    10
     3   -25   189   209    10    10
    -4     0   260   280    10    10
   -23    -1   110   130    10    10
    -1     3   103   123    10    10
   -16     3   203   223    20    10
     2    24    10
   -20    12    10
    21   -10    10
     8    29     0
    29    -8     0
