     4    -5   168   188    10    10
     5     9   102   122    20    10
     5   -26   283   303    20    10
     1    17   148   168    20    10
   -26    10   171   191    20    10
    15   -15   133   153    20    10
     6   -17   128   148    20    10
   -25    -4   330   350    20    10
     7    11   199   219    10    10
   -18   -21    72    92    20    10
     7   -11   224   244    10    10
     5     0   310   330    20    10
     3    -7    73    93    10    10
    10     0   325   345    20    10
    14     6   257   277    10    10
    -2    -2   201   221    10    10
     1   -10   132   152    20    10
   -10     1   339   359    20    10
    -6    17   320   340    10    10
    23    14   151   171    10    10
    17    10   135   155    20    10
    -2   -23   276   296    10    10
     8    19    78    98    10    10
    -1    -1   109   129    10    10
     2   -16   339   359    10    10
     2    -8   224   244    20    10
    -6     6   121   141    20    10
   -14     8   140   160    10    10
     3    -1   277   297    20    10
    13    23   259   279    10    10
    -6   -29   118   138    10    10
    13    -5    77    97    10    10
    23    -4   335   355    20    10
     5     6   143   163    10    10
   -27     6   357   377    10    10
     5    -7   319   339    20    10
     2   -20   113   133    10    10
     5   -10   169   189    10    10
    -1     0    87   107    10    10
    -4    13   174   194    10    10
     0     0   187   207    10    10
   -21     0   155   175    10    10
     8    19   148   168    20    10
    11    19   348   368    20    10
    -8   -17    61    81    20    10
   -10   -24   172   192    10    10
     0     1   292   312    10    10
     7    17   271   291    10    10
    -5    -8   116   136    20    10
   -18    21   325   345    20    10
    19    12    10
    -1    23    10
   -24    -6    10
    12   -16    10
    29    16     0
    -8    33     0
   -26    29     0
   -35    -6     0
    -3   -38     0
    28   -11     0
