   -15   -16   281   301    10    10
    23   -18   136   156    20    10
    -5   -13    96   116    10    10
     8   -10    66    86    10    10
     0     2   256   276    20    10
   -20   -16   304   324    10    10
     5     2   261   281    10    10
     0    -5   355   375    10    10
   -14     1   286   306    10    10
     8   -19   313   333    20    10
    -9    -7   123   143    10    10
    18    10   243   263    10    10
     8    17   217   237    20    10
     1     2   228   248    10    10
    -2     1   192   212    10    10
    -2     1   324   344    20    10
    -9    -2   277   297    10    10
     3     4   268   288    20    10
    14    13   292   312    10    10
    -9   -20   124   144    10    10
   -11    21   254   274    10    10
     2     4    88   108    10    10
     3    -2    99   119    10    10
    -9    19   161   181    10    10
     9     1   348   368    20    10
     7   -18   175   195    20    10
    12   -20   150   170    20    10
    -5    -3   128   148    20    10
    14     3    84   104    10    10
     0     0   260   280    20    10
    13    -2   314   334    20    10
    -1    -1    87   107    20    10
    15   -16   101   121    10    10
     3     2   155   175    10    10
   -27   -14   245   265    20    10
    -1    -2   196   216    20    10
   -12    18   201   221    20    10
    -7    10   304   324    10    10
    -6    23   286   306    20    10
    -9    15   139   159    20    10
    -2   -26   275   295    20    10
     5   -18   253   273    10    10
    -2     3   159   179    20    10
    -2   -22    82   102    10    10
    21     1   197   217    10    10
    -1    -1   144   164    10    10
    -5   -17   210   230    20    10
    -3    -2   152   172    10    10
     8    -1   178   198    20    10
     1     1   120   140    10    10
    21     9    10
   -14    17    10
   -20    -3    10
     7   -23    10
    19   -14    10
     5    33     0
   -34     8     0
    27   -26     0
