    -28     1   136   156    10    10
    -7    10   111   131    20    10
    11     3   357   377    10    10
    23    16   338   358    20    10
   -12     8   283   303    10    10
     1    -1   329   349    20    10
     9     9   182   202    10    10
     1     6   195   215    10    10
     0     0   328   348    20    10
    -3    -2   136   156    20    10
    28    -4   307   327    20    10
     4   -20   348   368    10    10
   -13    -7   283   303    10    10
   -13    14   208   228    20    10
    18    21   337   357    10    10
    13    19    10
     6    23    10
   -21     3    10
   -18   -16    10
    10   -21    10
   -14    32     0
   -30     7     0
    35     0     0
