    -7   -18   324   344    10    10
     2    -4    83   103    10    10
    -5     0   266   286    10    10
    -5    27   331   351    10    10
    20   -22   100   120    20    10
     5    -8   295   315    10    10
     0    -3   200   220    10    10
    17   -19   338   358    10    10
     1    -1   317   337    20    10
     4    16   143   163    20    10
    15   -14    73    93    20    10
     4    15   242   262    10    10
    21    -9   108   128    10    10
     7    18   119   139    10    10
     0    -3   340   360    10    10
   -11   -10   198   218    10    10
     2    -2   254   274    10    10
    -1   -25   353   373    10    10
    -8    -7   228   248    20    10
     1    -2   311   331    20    10
    24     0   268   288    20    10
    11     3   131   151    10    10
     0    -2   110   130    10    10
   -23   -13   275   295    10    10
     1    -2   210   230    10    10
     5    -6   210   230    10    10
     2    -3   224   244    20    10
     6   -18   305   325    20    10
    -2     4   356   376    10    10
    25     1   118   138    20    10
    21     7    10
   -23    -7    10
     2   -24    10
    -4    39     0
    11   -29     0
