     4    10   161   181    20    10
   -22    -3   112   132    10    10
    -7    -8    66    86    10    10
    -1    -7   190   210    10    10
    -8    12   195   215    20    10
   -14     9   312   332    20    10
    -1     1   254   274    20    10
    -8    18   218   238    10    10
    -4    -6   324   344    20    10
    -2    26   129   149    10    10
     7    -2   163   183    20    10
     0     2   274   294    20    10
   -28     1   308   328    10    10
     6    -1   277   297    10    10
    10   -19   128   148    10    10
    20     7    10
   -12    17    10
    25    -1    10
     2    33     0
   -35   -18     0
