     6    12   325   345    20    10
    -5    11   308   328    10    10
    -3    -7    67    87    20    10
     7    -7   281   301    20    10
   -22   -19   210   230    10    10
    13   -12   345   365    20    10
    -6    -3   331   351    10    10
     1    -8   155   175    10    10
    -4     8   205   225    10    10
     0     0   321   341    10    10
   -14    23   163   183    20    10
    -7    -5   131   151    20    10
    -6    16   300   320    20    10
   -13    18   138   158    10    10
     0    -2   303   323    20    10
    -2    29   287   307    20    10
   -14    -2   179   199    10    10
    -2   -11   219   239    20    10
     2    -5   194   214    20    10
    26     8   104   124    20    10
    -8   -14   183   203    10    10
    -6    -2    77    97    20    10
    16    -5   263   283    10    10
    -1    -2    78    98    10    10
     0     5   270   290    10    10
     8     6   127   147    20    10
    -1   -16   106   126    10    10
    15    20   277   297    20    10
   -22    18   262   282    20    10
     0     0   138   158    20    10
     4    23    10
   -21     2    10
    -7   -20    10
    20   -12    10
    22    31     0
     5    31     0
   -35     8     0
   -29   -22     0
    -8   -31     0
    18   -25     0
