    16    18   117   137    20    10
    -3   -23   188   208    20    10
     8   -25   276   296    20    10
    -3     0   300   320    10    10
    29    -6   310   330    10    10
    23    10   245   265    10    10
   -11    15   340   360    10    10
   -11   -15   227   247    20    10
    10    -6   259   279    20    10
     8     2   245   265    20    10
    -5     6   255   275    20    10
    20   -18   233   253    10    10
    17   -24   313   333    10    10
    17     2   185   205    20    10
   -19   -16    64    84    20    10
     5     1   173   193    20    10
    -2   -27   110   130    10    10
     2   -28   236   256    20    10
     6    -2   351   371    10    10
    10   -15   186   206    20    10
   -21    -7   198   218    20    10
   -21     9   357   377    20    10
     1     7   235   255    20    10
    12   -12   206   226    10    10
     4    21   165   185    20    10
   -21     0   138   158    20    10
     8    27   268   288    10    10
   -23     4   305   325    20    10
   -20    -8   146   166    20    10
   -10   -24   105   125    20    10
    20    13    10
    -2    20    10
   -22    -6    10
    -8   -23    10
    13   -20    10
    28    20     0
   -26   -29     0
    28   -28     0
