     1     0   184   204    20    10
    20    17    85   105    20    10
     0     3   291   311    10    10
     3    -5   132   152    20    10
   -14    19    81   101    20    10
   -15   -25   234   254    10    10
     8    -1   220   240    10    10
     3    -6   260   280    10    10
     0   -11   327   347    20    10
    -4    -1   249   269    20    10
   -15   -15   157   177    20    10
    27     6   101   121    10    10
     3     8   172   192    20    10
   -18    15   307   327    10    10
   -16   -15   314   334    10    10
     6    20   285   305    10    10
     0     0   322   342    20    10
    21     8   298   318    20    10
    -3    24   264   284    10    10
    11   -26    68    88    20    10
     7    10   290   310    20    10
    -6   -21   206   226    10    10
     2    -1   201   221    20    10
    -1    23   339   359    10    10
     4     2   117   137    10    10
    22     2   191   211    20    10
    18    -2   271   291    10    10
     6     3   348   368    10    10
     0     5   162   182    10    10
   -14    10   114   134    10    10
    -2     1    67    87    10    10
    24    13   153   173    20    10
     0     4   157   177    10    10
     2     3   257   277    20    10
     1   -28    99   119    20    10
    -4    -4    84   104    20    10
    -3    24   231   251    10    10
     1   -30   277   297    20    10
     1     2   128   148    10    10
    -3   -27   229   249    10    10
    -9    11   311   331    10    10
     7   -22   275   295    10    10
     3    -6    68    88    20    10
    -4    17   231   251    10    10
   -11   -12   279   299    10    10
   -17     4    81   101    10    10
     5     3   163   183    20    10
     0     0   316   336    20    10
   -22    10   307   327    20    10
   -13    -4    60    80    10    10
   -15    -9   125   145    10    10
     2   -18   231   251    20    10
   -28    -1   160   180    20    10
    -7   -22   137   157    20    10
    -1     0   245   265    10    10
   -25    -5   299   319    20    10
     4    27   162   182    10    10
   -21   -11   340   360    10    10
   -12   -20   274   294    10    10
     4   -23   101   121    10    10
    -1   -15   235   255    20    10
    25    13   161   181    10    10
    19   -23   270   290    20    10
   -11    -5   171   191    20    10
     6    19   310   330    20    10
   -10     1   339   359    10    10
     5    -4   112   132    10    10
     3    -1   111   131    10    10
     0     0   298   318    20    10
    -4    -7   155   175    20    10
    18   -23    91   111    10    10
     1     3   323   343    20    10
    -5    -1   239   259    20    10
    -5    16   156   176    10    10
    -6    27   156   176    10    10
    22   -16   165   185    20    10
    -1    10   311   331    20    10
    29    -2    88   108    10    10
   -11    13   247   267    20    10
     1    22   319   339    10    10
    17     7   117   137    10    10
   -22    -4   152   172    10    10
    14     8   176   196    10    10
    15    24    83   103    20    10
     3   -15   234   254    20    10
     0     0   178   198    10    10
    -2     1   295   315    20    10
   -14     0    80   100    10    10
    -7     7   329   349    10    10
     3     3   323   343    10    10
    -4   -12   224   244    10    10
     1     9   183   203    20    10
    14    14   154   174    20    10
     2     9   274   294    10    10
    -8     5   144   164    10    10
   -11   -24   165   185    10    10
     0   -24   101   121    10    10
   -25    -3   288   308    20    10
     3   -13   170   190    20    10
   -13    -9    61    81    20    10
    14    15    10
    -8    19    10
   -23     2    10
     6   -21    10
    23    -8    10
    26    15     0
   -39     2     0
    27   -14     0
