    -2    -7   178   198    10    10
   -18    -2   205   225    10    10
    16   -13   103   123    10    10
     2     7   101   121    10    10
    -7    -3   187   207    10    10
    21    13   251   271    10    10
    -3     9   359   379    20    10
     0     0   100   120    10    10
    -5     9   335   355    20    10
    12     9   238   258    20    10
    -2    16   268   288    10    10
     1    24   187   207    20    10
    -3    -2   123   143    10    10
    20     3   259   279    10    10
     4    -8    93   113    20    10
    26    -1   101   121    20    10
     5   -15   256   276    10    10
     8   -18   100   120    10    10
   -17    10   139   159    10    10
    -2    23   208   228    10    10
   -11     3   136   156    10    10
     2     4   132   152    20    10
     7     4   203   223    20    10
    25     4    72    92    10    10
     1    19   320   340    10    10
   -21   -18   119   139    10    10
    -3   -19    95   115    10    10
     3    18   347   367    10    10
     0     2   351   371    10    10
     2    -3   145   165    20    10
     5    21   323   343    20    10
     5     0   193   213    20    10
     3    13   354   374    10    10
    -9   -21    62    82    10    10
    -8    -5   258   278    20    10
     7   -23   104   124    20    10
    -3    -1   106   126    20    10
    -4    -1   153   173    20    10
    -5    15   349   369    10    10
    -3    -5   257   277    20    10
     0   -15    67    87    10    10
    -6     4   315   335    20    10
    -1     1   327   347    20    10
    -1     2    82   102    10    10
    -7     9   186   206    20    10
     9     3   167   187    10    10
   -21    14   265   285    20    10
   -14    -1   248   268    20    10
    -5    10    78    98    20    10
    -3     4    64    84    20    10
    21     7    10
   -22    12    10
    -2   -21    10
    21   -11    10
    35     4     0
    19    34     0
   -26    24     0
   -29   -22     0
     1   -34     0
    33    -3     0
