     0   -19   270   290    20    10
    15   -10   303   323    20    10
   -22     2   214   234    10    10
    -8     8   261   281    20    10
     8     4   124   144    20    10
     4   -24   131   151    10    10
   -11    -9    62    82    20    10
     7    17   232   252    20    10
   -16   -16   258   278    20    10
    18   -20   246   266    20    10
    -2    -3   209   229    10    10
    16   -25   305   325    20    10
   -21    19   221   241    20    10
     1    -3   279   299    20    10
     1   -29   168   188    10    10
    -5     4   180   200    10    10
     1   -20   204   224    10    10
   -26   -11   150   170    20    10
     0     5   132   152    10    10
   -16    -5    88   108    10    10
    -6    18   237   257    20    10
     1     0   239   259    10    10
   -15    -9   135   155    10    10
     0     1   257   277    20    10
    -7     4    73    93    20    10
    -6     1   300   320    20    10
     7   -28   212   232    20    10
    -7     3   329   349    10    10
    21    -1    62    82    20    10
    10    -3   121   141    20    10
    -6    17   345   365    20    10
    -3    -9   210   230    20    10
    10    18   326   346    20    10
     4     7   123   143    10    10
   -11    -8   212   232    10    10
    25     0   270   290    20    10
    17    -6   328   348    10    10
   -15   -19   107   127    20    10
    26   -15   219   239    10    10
    -9    22   285   305    10    10
     9    -4   325   345    20    10
     0    20   344   364    20    10
     6    -5   235   255    20    10
    -8    14   124   144    20    10
     6     0   225   245    10    10
     9    -3   204   224    20    10
    -4    17   217   237    10    10
     7    19    78    98    20    10
    27    -2   334   354    20    10
   -27    12   340   360    10    10
   -13   -20   328   348    20    10
     2     2   235   255    10    10
    -8    13    98   118    20    10
    12   -14   301   321    20    10
    25    13   249   269    20    10
    22     9    95   115    10    10
     6    -7   234   254    20    10
   -23    -1   300   320    20    10
     1    -9    89   109    10    10
   -23    -6   235   255    20    10
   -21    14   161   181    20    10
   -16     4   223   243    20    10
     4   -11   180   200    20    10
     4     9   307   327    10    10
   -22     2   321   341    20    10
    -8    17    79    99    10    10
    14   -17    74    94    10    10
   -14     2   296   316    10    10
    23     5    97   117    20    10
     0     0    94   114    20    10
    10   -28   333   353    10    10
    -5     2   204   224    10    10
    20     9   319   339    10    10
     3    -5   154   174    10    10
   -22     6   204   224    20    10
    -3    10   292   312    20    10
    -5     6   169   189    10    10
   -20    17    84   104    20    10
     2    19   201   221    10    10
     2    18   356   376    20    10
    14    25   180   200    20    10
     2     1   180   200    10    10
    19   -21   270   290    10    10
     9    -1   152   172    10    10
     6    -7   223   243    20    10
    -1    29   174   194    20    10
    25    13   151   171    20    10
   -11    -8    63    83    10    10
    -6   -12   296   316    20    10
    25    12   250   270    10    10
    -1    15   138   158    10    10
    16    11   214   234    10    10
    -5     8   197   217    20    10
     6    -5   204   224    20    10
     4     7   126   146    20    10
     1     1   119   139    20    10
     4   -13   202   222    10    10
    10     5   344   364    20    10
   -11    -8   257   277    20    10
     0    -7    87   107    20    10
    -8    24    10
   -18   -11    10
    20   -12    10
    -6    34     0
   -35   -14     0
