    11     0   334   354    20    10
    18    21   111   131    20    10
    -1    -3   187   207    10    10
   -23    -7   234   254    20    10
   -22     9   226   246    20    10
    -1    24   163   183    10    10
   -20    -3   262   282    10    10
     1    10   225   245    20    10
     6    25   341   361    20    10
    -8   -22   187   207    10    10
     2    -4   207   227    20    10
    27    10   307   327    10    10
    15    10   350   370    10    10
    -7    17    72    92    20    10
     6     3   139   159    20    10
   -14   -23   187   207    20    10
     0     0   302   322    20    10
   -29     4   280   300    10    10
    16    -3   312   332    20    10
   -19   -10   162   182    10    10
     5     1   184   204    20    10
     3   -11   233   253    10    10
    15   -18    88   108    10    10
     9    -6   341   361    10    10
    -1     0   251   271    10    10
     1    -4   321   341    10    10
    -9    -8    80   100    20    10
     1     0   183   203    10    10
   -12     0   336   356    10    10
    -8    -3   323   343    10    10
    23     8    10
   -14    17    10
   -20    -5    10
     5   -20    10
    31    24     0
    -9    34     0
   -31    17     0
   -25   -27     0
     0   -31     0
    32   -11     0
