     6    -8   284   304    10    10
   -11    26   325   345    10    10
    -6    20   161   181    10    10
     2    19    96   116    20    10
    -2    20   258   278    20    10
    11     2   258   278    10    10
    19    -6   144   164    20    10
     8    13   313   333    20    10
   -15    -8   194   214    10    10
    -8   -18   295   315    20    10
     4     1   349   369    10    10
   -12    -5   310   330    10    10
    -5    24   148   168    20    10
     4   -28   353   373    10    10
    -2    -5   151   171    10    10
     9    24   121   141    20    10
     2     0   190   210    10    10
   -12    19   143   163    10    10
    -2    28   148   168    10    10
     9    -6   212   232    20    10
    -6    -3   314   334    20    10
     6     6   157   177    20    10
   -28    -4   287   307    20    10
     0     0   313   333    20    10
   -27     6   230   250    20    10
    10   -27   280   300    20    10
     2   -20   268   288    20    10
    12   -16   359   379    10    10
   -12   -23   223   243    20    10
    18    15   223   243    10    10
     1     0   102   122    10    10
    13    11   258   278    10    10
     8     7    77    97    20    10
    23    12   273   293    20    10
   -18     0   252   272    10    10
    21   -10   275   295    10    10
     0   -23   271   291    20    10
    10    22   258   278    10    10
     3     8   137   157    10    10
   -14    -8   234   254    20    10
     0   -24   341   361    10    10
    -1    -1   335   355    20    10
   -11   -13   104   124    10    10
   -14   -15   238   258    20    10
    -1    -4   111   131    10    10
    -1    15   299   319    10    10
     2    -2   267   287    10    10
     7     1   211   231    10    10
    16   -17   200   220    20    10
     4    26   102   122    20    10
    16    13    10
   -17    18    10
   -23     3    10
   -12   -21    10
    12   -19    10
    12    28     0
   -28   -13     0
    -9   -36     0
