     -8   -27    73    93    20    10
     4   -24   303   323    20    10
    -4    -1    70    90    10    10
     9   -12   182   202    10    10
   -10   -15    98   118    10    10
   -14   -24   256   276    20    10
     8   -28   283   303    10    10
    19   -11   328   348    10    10
   -19   -10   210   230    10    10
     0     0   190   210    10    10
    -3     2   291   311    10    10
     1   -13   330   350    20    10
    -2    26   151   171    10    10
    24     3   247   267    10    10
     6     3   335   355    10    10
    15    14    10
   -12    17    10
   -21     7    10
     7   -20    10
    11   -20    10
    29    22     0
   -30   -17     0
    34   -11     0
