     9    11    95   115    10    10
    -3    11   319   339    10    10
    -7   -21   211   231    10    10
    -1     2    84   104    10    10
   -10   -13   127   147    20    10
     7     9   125   145    20    10
   -11    11   179   199    20    10
    -4   -26   271   291    10    10
    -5    -2   209   229    20    10
     9   -28   356   376    10    10
    -6   -21   333   353    10    10
     6     4   153   173    10    10
    -7     3   211   231    10    10
    -1     2   244   264    20    10
    -9   -15   147   167    10    10
     4     1   194   214    20    10
   -20     0   104   124    10    10
     5    -1   355   375    20    10
    18     2   237   257    20    10
     4   -21    84   104    20    10
     0    -1   245   265    20    10
    22    13   175   195    20    10
    -7     2   244   264    10    10
    -1     0   221   241    10    10
   -25    -7   156   176    10    10
    -3    -3   185   205    10    10
     0    -1   318   338    10    10
    -9     2   193   213    20    10
     4     0   308   328    10    10
     2     2   348   368    20    10
    -2     7   194   214    10    10
    11     6   259   279    20    10
    24    -5   298   318    10    10
     0     0    90   110    10    10
    -8    -2    79    99    20    10
    -1     9   129   149    10    10
     0    -1   335   355    20    10
     1    -2    76    96    10    10
    26   -15   327   347    20    10
   -13    -2   147   167    10    10
     1   -23   317   337    20    10
    19     8    98   118    10    10
    -2    -9   226   246    10    10
     2     9    70    90    20    10
     5    -3   114   134    20    10
    13   -26   250   270    20    10
    -2    14    76    96    10    10
   -15   -15   252   272    20    10
    -2    -2   153   173    10    10
     0    -2   315   335    10    10
     7    20   271   291    20    10
    -3    10   123   143    10    10
   -10    -1   191   211    10    10
   -10    22   341   361    20    10
   -11    -2    80   100    20    10
     5     3   271   291    20    10
     6    -6   203   223    20    10
    17   -22   326   346    10    10
    20    -6   329   349    20    10
   -26     4   324   344    10    10
    -5    -6    62    82    10    10
    16    -7   198   218    20    10
    29     1    82   102    10    10
    -5    -4   130   150    10    10
   -11   -28   118   138    20    10
   -23    12    97   117    20    10
     1     4   222   242    10    10
   -11   -15   340   360    20    10
    29    -1   281   301    10    10
     0    -4   353   373    20    10
    -1     6   131   151    20    10
     7   -15   287   307    20    10
    14   -26   302   322    10    10
    14     2   273   293    10    10
   -11    13    75    95    10    10
   -12   -23    68    88    20    10
    15    -4   356   376    10    10
    -1     4   215   235    10    10
    13    14   279   299    10    10
    -2    10   226   246    10    10
     2    -6   117   137    20    10
    -2    -3    78    98    10    10
     3     1   317   337    20    10
    -3     3   233   253    10    10
    -4    -4   249   269    10    10
    -9    -2   175   195    20    10
   -15     1   284   304    20    10
    -4    -1   265   285    10    10
     5   -21   277   297    10    10
     1    -4   318   338    10    10
    16     3   183   203    20    10
   -13     2   291   311    20    10
     5   -10    77    97    20    10
     2    -1   100   120    20    10
   -19    -4   207   227    20    10
    21    13   348   368    20    10
    -4   -21   152   172    20    10
   -14    18    75    95    20    10
    -6     6   114   134    20    10
    -1    -4   227   247    10    10
    23     2    10
    -1    21    10
   -20   -14    10
    11   -20    10
    28    22     0
   -11    30     0
   -29    23     0
   -38   -12     0
   -12   -33     0
    26   -21     0
