    13     3   314   334    10    10
    14     4   118   138    20    10
     0    -3   286   306    10    10
    -2    14   360   380    20    10
     5   -24   288   308    20    10
   -23    10   115   135    20    10
    -4    13   262   282    20    10
    -5    -6   149   169    10    10
   -21    20    92   112    10    10
     2    -4   150   170    20    10
    23    -4   195   215    10    10
    -6   -21    83   103    10    10
    15    21   326   346    20    10
     1   -26   264   284    20    10
    -2    -3    95   115    10    10
     6    21    10
   -24     2    10
    -9   -22    10
    16   -13    10
    26    30     0
    -7    30     0
   -31    21     0
   -30   -17     0
    11   -35     0
    30   -16     0
