     6   -13    79    99    10    10
   -14    -1   133   153    10    10
    26     7   145   165    20    10
   -28    -4   169   189    10    10
    12   -18   213   233    10    10
     8     2   313   333    10    10
     8     3   133   153    10    10
   -13     3    71    91    20    10
   -22    12   178   198    20    10
    -9    -1    98   118    10    10
   -18     6   224   244    20    10
     4   -23   287   307    10    10
    28     1   333   353    10    10
    16    -7   197   217    20    10
     1    -5   132   152    10    10
    -8    23    10
   -23    10    10
    13   -16    10
   -34    13     0
    21   -24     0
