   -13    -7   237   257    20    10
    -6    -9   352   372    10    10
   -25     3   344   364    10    10
     1     0   296   316    10    10
     5   -14   164   184    10    10
    21    -4   227   247    10    10
    -5    18   283   303    20    10
     8     3    72    92    10    10
    -3    10   159   179    20    10
    -5    -3   212   232    20    10
     7    15   356   376    10    10
   -12    20   281   301    10    10
     0     4   150   170    20    10
    -1    16   225   245    20    10
     7   -25   102   122    20    10
   -21     2   337   357    20    10
    -1     0   296   316    10    10
   -11   -10   257   277    20    10
     0     0   254   274    20    10
   -22    10   242   262    10    10
     9    -2   213   233    10    10
     6   -20   204   224    20    10
    -9     0   171   191    10    10
     3    -1   117   137    20    10
    -4    -6   307   327    20    10
     9    15   296   316    10    10
    -2    -3    65    85    10    10
   -29     8   336   356    20    10
    22    18   107   127    20    10
    13     0   332   352    20    10
    19    -5   237   257    10    10
    -3     0   154   174    10    10
     7    12   193   213    10    10
     3     6   106   126    20    10
    29    -1   306   326    10    10
    -1    -6   239   259    10    10
   -10   -15   230   250    20    10
    14   -12   143   163    10    10
    24    12   240   260    10    10
     0    10   105   125    20    10
    21    19   297   317    20    10
     0    24   330   350    20    10
    26    12   187   207    20    10
    -9    -8   341   361    10    10
   -20     9   120   140    20    10
    16     7   341   361    20    10
     9     3   309   329    20    10
    -6    12   345   365    20    10
   -23    -4   104   124    20    10
    -5     0    78    98    10    10
   -11    21    10
   -13   -20    10
    15   -17    10
     3    36     0
   -33    -8     0
