   -15    -4   334   354    10    10
     0    -1   185   205    10    10
   -21   -11    86   106    10    10
     3    -1   284   304    10    10
     7   -26   116   136    10    10
    21   -15   113   133    10    10
    15    -5   131   151    20    10
     9     2   108   128    20    10
     3    15   152   172    10    10
     3    26   309   329    20    10
    -4     2   117   137    20    10
    12     0   118   138    10    10
   -22    -3   158   178    10    10
     3   -17   353   373    20    10
    -1     4   176   196    20    10
    -1    -5    98   118    20    10
   -11    -7    78    98    20    10
   -10   -11   114   134    20    10
    -1   -18   346   366    20    10
   -22    15    69    89    20    10
     1     5   268   288    20    10
    -3    -2   288   308    10    10
     2    -6   235   255    20    10
    -3     4   238   258    10    10
    10   -27   192   212    10    10
     5   -22   104   124    20    10
     1    -1   197   217    20    10
    -2     0   212   232    10    10
     9    -1   130   150    20    10
   -17     2   304   324    10    10
     9    22    10
   -23     4    10
     2   -24    10
    -2    31     0
   -13   -27     0
