    11     0   122   142    20    10
    18    21    74    94    20    10
    -1    -3   120   140    10    10
   -23    -7   157   177    20    10
   -22     9   204   224    10    10
    -1    24   348   368    20    10
   -20    -3   101   121    10    10
     1    10   264   284    20    10
     6    25    89   109    10    10
    -8   -22   299   319    20    10
     2    -4   354   374    20    10
    27    10    63    83    20    10
    15    10   273   293    10    10
    -7    17   306   326    10    10
     6     3   234   254    10    10
   -14   -23   305   325    10    10
     0     0   301   321    20    10
   -29     4   237   257    10    10
    16    -3   283   303    10    10
   -19   -10   357   377    10    10
     5     1   158   178    20    10
     3   -11   339   359    20    10
    15   -18   176   196    20    10
     9    -6    80   100    20    10
    -1     0   327   347    20    10
     1    -4   345   365    10    10
    -9    -8   148   168    10    10
     1     0   220   240    10    10
   -12     0   222   242    10    10
    -8    -3   101   121    20    10
    23     6    10
    -6    21    10
   -18     8    10
   -14   -15    10
    22   -11    10
    -1    35     0
   -35    -2     0
    34   -15     0
