     6   -11   343   363    10    10
     2    -9   213   233    20    10
    -3     3   307   327    10    10
     2   -17   187   207    10    10
     4    -6   242   262    10    10
    20    21   280   300    20    10
   -13   -21   193   213    20    10
   -22     9   295   315    10    10
    -3    -8   176   196    10    10
    -4    -4   353   373    20    10
     2     4   251   271    20    10
     5   -11   184   204    10    10
    15    -6   100   120    10    10
    -7   -14   307   327    10    10
   -14    -1   275   295    10    10
   -13    12    87   107    10    10
    -2     1   126   146    10    10
     9    17   341   361    20    10
   -14     8   131   151    20    10
   -13    12   220   240    10    10
    14   -18   184   204    10    10
    25    14    90   110    20    10
     5     3   213   233    20    10
    -3     8   303   323    10    10
    26     6   233   253    10    10
     3   -14   216   236    20    10
    -2    -2   353   373    20    10
    -9    24    90   110    10    10
   -26     0   109   129    20    10
    -7    -3   209   229    10    10
    14    17    10
   -16    13    10
   -12   -19    10
    15   -15    10
    25    31     0
   -17    36     0
   -33     0     0
   -30   -22     0
   -11   -31     0
    34   -10     0
