     1     0   280   300    20    10
    -3   -19   106   126    20    10
     8   -13   333   353    20    10
    -5    21   214   234    10    10
    13    -9   140   160    10    10
   -14    25   249   269    10    10
     7    25   293   313    20    10
    -8    15   302   322    10    10
     6   -18    93   113    10    10
   -16    19   112   132    10    10
   -18    17   253   273    10    10
    -5    23   182   202    10    10
   -23    12   271   291    10    10
   -20     4   214   234    10    10
    29     5   304   324    10    10
     4     2    81   101    10    10
     1     3   327   347    20    10
     3    -1   211   231    10    10
    -1    -3   250   270    10    10
    26    -5   145   165    10    10
    -4    -5   238   258    20    10
     9    12    95   115    20    10
    -9    24   260   280    10    10
    13     5   220   240    20    10
    15   -18   354   374    20    10
    22     2   195   215    10    10
   -12     4   185   205    20    10
    -2    -4   236   256    10    10
    17   -14   135   155    20    10
   -22    19   307   327    10    10
     6    -1   251   271    20    10
    13   -20   326   346    10    10
     2     6   345   365    10    10
    -2     0   343   363    10    10
    -8    17   113   133    20    10
    -6   -11   355   375    10    10
    21    20   321   341    20    10
   -17    -9    91   111    20    10
    17     5   180   200    10    10
    16   -23    68    88    20    10
     0    10   204   224    10    10
     9   -10   204   224    10    10
     4    12   114   134    20    10
    27    10   157   177    20    10
    20    -9   350   370    20    10
    -7    -1   199   219    10    10
     1   -11   190   210    10    10
    -7     5   355   375    10    10
    -7   -11   295   315    10    10
    -1   -11    79    99    10    10
     8     7   128   148    20    10
    15   -18   230   250    20    10
    -6    -3   305   325    20    10
   -11    11   173   193    20    10
   -20     7   197   217    10    10
    -5   -25   321   341    10    10
     0    -3    77    97    20    10
    -1    11    97   117    20    10
     4    23    81   101    10    10
    10     0   275   295    10    10
    23   -16   327   347    10    10
    -1    -9   129   149    10    10
   -17   -10   321   341    10    10
     3    -2   307   327    10    10
    -6     0   332   352    10    10
     3    -1   204   224    10    10
    10   -23   320   340    20    10
    -2    22   288   308    10    10
   -20     4   149   169    10    10
   -16    -4   133   153    20    10
     0    -1   118   138    20    10
     6    -2   337   357    20    10
    -1     0   298   318    20    10
     0    -7   135   155    20    10
   -10    16   242   262    20    10
   -12    14   245   265    20    10
   -17     8   122   142    10    10
     3     5   189   209    20    10
     6   -15   212   232    20    10
     4   -26   105   125    10    10
     4    -3   202   222    10    10
    16    -8   306   326    20    10
   -20    19   228   248    10    10
     6    -6    76    96    10    10
    -8    -4   153   173    10    10
    -5     9   216   236    10    10
   -19    -9   321   341    10    10
     8     8   151   171    10    10
    -6   -12   185   205    10    10
     0     0   284   304    20    10
    -7   -10   272   292    10    10
     0    15   254   274    20    10
    -9    10   131   151    20    10
     2     5   330   350    20    10
    19    14   297   317    10    10
    -8   -14   348   368    10    10
    -1     5   143   163    20    10
   -12    -5   278   298    10    10
    17     2   111   131    10    10
    15   -13   271   291    10    10
    -6    20    10
   -22     4    10
     1   -24    10
    18    30     0
     8   -29     0
