    14     1   343   363    10    10
    -3     1   288   308    10    10
   -10    -8   205   225    20    10
    24     0   236   256    20    10
    17   -20   132   152    20    10
     0     0   231   251    20    10
   -19   -14    62    82    20    10
     3    -4   178   198    10    10
   -15    22   288   308    20    10
     0     1   175   195    10    10
   -11   -27   161   181    20    10
    -2     2   295   315    10    10
    18   -24   208   228    20    10
   -17    21   288   308    10    10
     7    27   312   332    20    10
    -1    -1   298   318    20    10
    17    -9   202   222    20    10
    -1     2   175   195    10    10
    -6    -6   165   185    20    10
    -6    -2   127   147    20    10
     9    16   269   289    10    10
    18    17   144   164    20    10
   -10     4    60    80    20    10
    25     3   200   220    10    10
     6    29   173   193    10    10
    16    10   299   319    20    10
    12    14   171   191    10    10
     1    -9   118   138    10    10
    -8   -12   203   223    10    10
     2    -3   190   210    10    10
    22     7    10
   -24     2    10
     2   -22    10
    29    18     0
    35    -4     0
