     -8    -2   275   295    10    10
     9    -3    87   107    20    10
   -16     3   344   364    10    10
    -8    -1   117   137    20    10
    -2    -6   269   289    20    10
    -7    -9   272   292    20    10
     6    -7   197   217    10    10
     5    11    67    87    20    10
   -14     0   215   235    10    10
    11    -4    71    91    10    10
    -4     3    87   107    10    10
     2     6   178   198    20    10
    -1     0   119   139    20    10
    -5   -10   235   255    20    10
    10   -16   183   203    10    10
    20     3    10
    -8    23    10
   -19   -12    10
    -3   -22    10
    18   -17    10
    34    12     0
   -27    17     0
     1   -32     0
