     1    -2   193   213    10    10
     0    -8   188   208    20    10
     4    -3   111   131    10    10
    26    12    85   105    20    10
     0    -8    97   117    10    10
    -4    -1   352   372    10    10
    10     9   151   171    10    10
    20     3   330   350    20    10
     3    24   162   182    10    10
   -16     3   115   135    10    10
    21    -2   201   221    10    10
     3   -10   278   298    10    10
     7     2   223   243    10    10
     0   -21   241   261    20    10
    28     9   150   170    10    10
    10    -5   185   205    20    10
     1    -2   146   166    10    10
     1   -12   360   380    10    10
    -5   -23    83   103    20    10
   -18   -17   126   146    20    10
     0     0   290   310    10    10
     9    -1    62    82    10    10
    12     9   326   346    20    10
   -11   -17   302   322    10    10
    -1     0    99   119    20    10
     2     0    86   106    10    10
     9    -1   244   264    20    10
    -1     1   255   275    20    10
    -1    20   236   256    20    10
   -13    10   300   320    20    10
     4   -18   273   293    10    10
   -10    -4   269   289    20    10
    -5     1   176   196    20    10
   -16   -23   176   196    20    10
    -3     1   300   320    20    10
   -12     7   170   190    20    10
    22    -3   224   244    20    10
     2     3   261   281    10    10
   -22    16    89   109    10    10
   -28     0   311   331    10    10
    15     8   191   211    10    10
    14    13   136   156    10    10
   -29    -1   247   267    10    10
    -3    -3   264   284    10    10
    -5     3   104   124    20    10
    -1     0    76    96    10    10
    29    -2   136   156    20    10
    11   -13   293   313    20    10
    18     3   269   289    10    10
    18   -23    99   119    10    10
   -14    16   225   245    10    10
   -22    15   226   246    20    10
     8    12    67    87    20    10
   -12    -3   310   330    20    10
    -5     5   192   212    20    10
    -6    -2   225   245    20    10
    -1     8   305   325    10    10
   -13    25   137   157    10    10
    29    -8   266   286    10    10
    -4    -5   141   161    20    10
    15     0   101   121    10    10
   -19    -8    67    87    10    10
     3     3   111   131    10    10
    13    -2   171   191    10    10
    26     4   321   341    20    10
    23     3   163   183    20    10
    16     1   358   378    20    10
     1   -10   103   123    10    10
    16     6   350   370    20    10
     5   -10   194   214    20    10
    -2    -2   176   196    10    10
    16     6   156   176    10    10
     1    -9   218   238    10    10
   -24    13   138   158    20    10
    28     2   194   214    20    10
    -1    -4   117   137    20    10
    -6   -15   264   284    10    10
    -8    -2   193   213    20    10
    14    -2   257   277    20    10
    -1    19    68    88    20    10
     4    23   139   159    10    10
    28     8   277   297    10    10
     7    21   134   154    20    10
     8    -4   308   328    20    10
   -18    -2   163   183    10    10
    11    -1   221   241    20    10
    15     5   166   186    10    10
    -9    -2   168   188    10    10
     0     0   218   238    20    10
   -21    11   357   377    20    10
   -14    -9   358   378    10    10
    -1     1   224   244    10    10
   -13     6    88   108    10    10
   -24     7   100   120    10    10
   -17     1   315   335    10    10
    -1     2    95   115    20    10
    -4    -5   342   362    20    10
    10     7   222   242    10    10
    22    -5   324   344    20    10
   -12    -8   245   265    20    10
    16    15    10
   -13    19    10
   -19     6    10
     0   -21    10
    22    -8    10
   -12    36     0
   -36   -16     0
    35    -2     0
