     15    -2   198   218    10    10
    22    -8   272   292    10    10
   -14    19   328   348    20    10
   -25    -3   154   174    20    10
     0     0   293   313    20    10
    16     1   301   321    20    10
   -21    -2   113   133    10    10
     9    -4   172   192    10    10
    17     5   271   291    10    10
    -1   -11   114   134    20    10
    21     8   190   210    10    10
    13   -15   116   136    10    10
    -1     5   106   126    20    10
    -7   -29   151   171    20    10
    20    14   333   353    20    10
    -1   -24   310   330    10    10
    16   -15   323   343    10    10
   -14   -21   141   161    20    10
   -17     4   220   240    10    10
   -15    -9   166   186    10    10
   -12   -14   105   125    10    10
    -9    10   208   228    10    10
    -9   -17   239   259    10    10
    25   -14   197   217    10    10
    22    -1   195   215    10    10
   -11   -10   180   200    10    10
    11   -18   190   210    10    10
     1    -4   119   139    20    10
    19     0   105   125    10    10
     1     2    88   108    10    10
   -16   -18    99   119    10    10
   -25   -10   259   279    10    10
    11    23   123   143    10    10
   -24    -7    82   102    10    10
     3    13   118   138    20    10
    17     6   262   282    20    10
   -28    -7   316   336    10    10
     1     6   329   349    10    10
    13    21   132   152    10    10
    -4    14   196   216    20    10
   -25     4   142   162    20    10
   -12    11   323   343    10    10
    -2     1   269   289    10    10
   -25    -9   158   178    10    10
    -8   -23   149   169    10    10
     6   -11   291   311    20    10
     3     7   202   222    20    10
     0     9   181   201    10    10
     9    25    87   107    20    10
    16     8   199   219    10    10
    24    -5   258   278    10    10
    18    -9   141   161    20    10
    14    23   311   331    20    10
     8    11   258   278    10    10
   -14     9   123   143    20    10
    13    11   261   281    10    10
    18    -9   190   210    10    10
    -2    -1   232   252    10    10
     1    27   249   269    20    10
    -5     8   120   140    20    10
     7    -5   109   129    20    10
    -9     5   240   260    20    10
    -1     4   259   279    20    10
     7     1   357   377    20    10
    -6    -1   181   201    10    10
     9    -2    67    87    10    10
    -7    12   354   374    10    10
   -25     7   177   197    20    10
    10    13   149   169    20    10
     5    -4   267   287    10    10
     9     5   320   340    10    10
     0     0   260   280    10    10
     3     1   191   211    20    10
    15    19   272   292    20    10
    15     9   333   353    20    10
    -3     0   266   286    20    10
   -16    15   233   253    10    10
     6   -12    95   115    10    10
     0   -16   265   285    10    10
    -2     7   239   259    10    10
    10    -3   147   167    10    10
     4     9   239   259    20    10
     5     8   193   213    10    10
    10    11   217   237    10    10
    -6     7   264   284    10    10
   -19     1   101   121    10    10
    25    15   303   323    10    10
   -27   -13   134   154    20    10
     6   -10    75    95    10    10
    20    12   282   302    20    10
    18    -9   193   213    10    10
    -4    -4   331   351    10    10
     4     5   241   261    20    10
     6    16    88   108    10    10
   -21   -16   288   308    10    10
     0     0   259   279    10    10
    -3    -3    99   119    20    10
     9    -4   140   160    10    10
   -17    -6   238   258    10    10
     0    -2   185   205    20    10
     1    24    10
    -7    22    10
   -20    -8    10
     2   -22    10
    28    21     0
     1    39     0
   -35    16     0
   -30   -17     0
    -2   -39     0
    28   -18     0
