     0   -19    82   102    10    10
   -12    -6   209   229    20    10
    -5   -18   138   158    10    10
     1    -1   159   179    10    10
     9     9   356   376    10    10
     2     1   331   351    20    10
    -1     7   200   220    10    10
    13    10   303   323    20    10
    14    -8   113   133    20    10
     3   -20    79    99    10    10
    -5    -2   309   329    20    10
     5    15   329   349    10    10
    -4   -10   359   379    20    10
    -9    10   177   197    20    10
   -18   -16   276   296    20    10
     7   -28   277   297    20    10
     0     1   220   240    20    10
     7    -6   124   144    20    10
     9   -13   255   275    10    10
    -2    12   200   220    10    10
     2     0   153   173    10    10
    -3   -16   145   165    20    10
     1     6   209   229    20    10
    13     4   102   122    20    10
    -1   -19   222   242    20    10
     0    -4   174   194    10    10
   -20    12   150   170    10    10
    -1    -1   202   222    20    10
    -1     6   348   368    10    10
    -1    -4   344   364    20    10
    13     5   246   266    10    10
     1    -2   314   334    20    10
   -14    15   126   146    10    10
     5     8   310   330    20    10
     6    -9   200   220    10    10
    14    14   148   168    20    10
     3    -1   308   328    20    10
     7    -8    75    95    20    10
     7   -21   288   308    10    10
   -17   -13   226   246    20    10
   -27    10   262   282    20    10
     6   -12   249   269    10    10
   -17    11   179   199    20    10
    -1    10   121   141    10    10
    -6   -20    87   107    10    10
   -15   -13   216   236    20    10
     4    -8   315   335    10    10
     1     5   309   329    10    10
    -2     1   212   232    10    10
   -13     6   225   245    10    10
    22     2    10
    -6    20    10
   -18    -9    10
     1   -22    10
    15   -17    10
    19    34     0
   -29     7     0
    30   -22     0
