    -9   -12   335   355    20    10
    14    21   241   261    10    10
    -9   -27   145   165    10    10
    -1   -22   143   163    20    10
     0     6   359   379    10    10
    11    -6   190   210    20    10
     5    12   255   275    20    10
   -13   -24   245   265    10    10
     7    -4   136   156    10    10
   -21     5   153   173    10    10
     6   -18    64    84    10    10
    -5    -1   341   361    10    10
    16   -21   294   314    10    10
    -4    15   156   176    10    10
     2    12   104   124    20    10
     6    22    10
   -13   -17    10
    21    -2    10
    -4    33     0
    -9   -37     0
