   -20    17   204   224    10    10
     5    12   271   291    10    10
   -20   -22    97   117    10    10
     9     4   229   249    20    10
     5     5    76    96    10    10
     0     0   269   289    10    10
    14    19    68    88    20    10
    -9    25   276   296    20    10
     0    -2   222   242    10    10
     5   -27   304   324    20    10
     1    -1   322   342    20    10
    23     3   140   160    20    10
     6     3   252   272    20    10
    -5    -7   236   256    20    10
     1     1   339   359    20    10
    -1    -1   108   128    20    10
    20     8    67    87    10    10
     7   -19   211   231    20    10
    -4    -1   254   274    20    10
    19     5    70    90    10    10
    15    -5   298   318    20    10
   -13    25   196   216    10    10
   -20    -4    95   115    20    10
   -15     5   253   273    10    10
    -6   -17   326   346    10    10
     8    -8   110   130    20    10
    11    26   210   230    10    10
     6    -3   150   170    10    10
    -5   -23   224   244    20    10
    -9    10   254   274    10    10
     2    -1   200   220    20    10
     1     2   151   171    20    10
   -20    -8   280   300    10    10
   -13   -21   240   260    20    10
    21    20   249   269    10    10
     3     2   176   196    10    10
   -17   -18   232   252    20    10
     0     9   329   349    20    10
     7    -8   358   378    10    10
   -14   -23   107   127    20    10
     4    -7   300   320    10    10
    21    -9   354   374    20    10
   -14    -6   174   194    10    10
   -17     3   214   234    20    10
    -3    25   115   135    10    10
    -3     0   159   179    20    10
    -3   -13   319   339    10    10
   -22     3    94   114    20    10
    25    -3   351   371    10    10
    -1     0   324   344    10    10
    10    21    10
   -20    -6    10
    16   -15    10
    17    34     0
     6   -31     0
