     0     9   300   320    10    10
    21    -9   104   124    20    10
     0     7   180   200    20    10
   -25    -2    94   114    20    10
    -8    15   337   357    20    10
    -1    -6   207   227    10    10
    -3    26   244   264    20    10
    24     0   350   370    10    10
     1     0    73    93    10    10
     0     0    70    90    20    10
    -4   -20   211   231    20    10
    -3     2   216   236    10    10
    -1    -2   113   133    20    10
    16   -24    90   110    20    10
    -1     1   194   214    20    10
     2    24    10
    -5    22    10
   -19   -10    10
     5   -23    10
    29    24     0
    -2    36     0
   -30    14     0
   -21   -24     0
    13   -30     0
    32    -8     0
  