    -1     5   187   207    20    10
    -6    -3   307   327    10    10
    -7     7   222   242    20    10
    -3    13   354   374    10    10
     5    -7   203   223    20    10
     3     5    69    89    20    10
    15    19   290   310    10    10
    -3    -1   170   190    20    10
    -6    25   170   190    10    10
    -2   -21   104   124    10    10
    -5   -10   312   332    10    10
   -22    -2    63    83    10    10
    -8   -18   173   193    20    10
   -22    19   193   213    20    10
     1     2   229   249    20    10
    -2   -18   301   321    20    10
   -17   -10    80   100    20    10
    -5    -7   161   181    20    10
    -1     3   258   278    10    10
     3   -20   266   286    10    10
    -1    10   137   157    20    10
    -4   -13   288   308    10    10
    -2   -17   328   348    20    10
    -4     2   335   355    10    10
     3    -3   301   321    10    10
    -7     0   313   333    20    10
    20    -4    68    88    20    10
    25   -16   254   274    20    10
   -19   -22   124   144    20    10
    25     0   331   351    20    10
    -2   -10   229   249    20    10
     7    -1   309   329    10    10
    15     7    73    93    20    10
    -5     5   282   302    20    10
    11     6   158   178    20    10
     2    13   189   209    20    10
    21    15    98   118    10    10
    14    16   136   156    20    10
    -9   -10   310   330    20    10
     4     5   339   359    20    10
    -8    19   246   266    20    10
    -5     6   176   196    10    10
    -1   -23   206   226    10    10
   -16     5   115   135    10    10
    20    19   312   332    10    10
     1    -1   162   182    10    10
    -2    -5   237   257    10    10
     6     9   224   244    20    10
     1    -1   339   359    10    10
   -23    -1   103   123    20    10
     7    20    10
   -14    16    10
    -7   -23    10
    21    -4    10
    34    14     0
     9    32     0
   -18    27     0
   -38    -9     0
    11   -38     0
    31   -18     0
