    21     9   307   327    10    10
     3   -25   232   252    20    10
     0    -7    82   102    10    10
    -4   -21   353   373    20    10
     1     1   271   291    10    10
    -7   -20    98   118    20    10
    10    -2   315   335    20    10
    11     8   324   344    20    10
     4    -2   237   257    10    10
   -28    -2   146   166    20    10
     3     1   308   328    20    10
     2   -13    63    83    10    10
    -8    18   287   307    10    10
    -2     2   151   171    10    10
    19    15   321   341    10    10
     7    28   231   251    20    10
   -16   -14   218   238    20    10
   -21     1   195   215    10    10
     6     8    92   112    10    10
     6    23   212   232    20    10
     4    -2   268   288    10    10
    -2    -6   196   216    20    10
     2     1   167   187    20    10
    -2    -1   344   364    10    10
     7    -2   350   370    10    10
     0     1   345   365    20    10
    28     7   235   255    20    10
    10    -1   252   272    10    10
    -9   -20   183   203    20    10
    -8     6   332   352    10    10
    -9    -1   153   173    10    10
    -4    12   176   196    10    10
    22     7   322   342    20    10
    -7    28    81   101    20    10
   -17   -17    82   102    20    10
    -5    -6   204   224    20    10
   -17   -18   193   213    10    10
   -13    11   178   198    10    10
    12     4   318   338    10    10
     2    -3   104   124    10    10
   -11    15   318   338    20    10
    -6    10   205   225    20    10
    -8    -8   220   240    10    10
    -1     6   354   374    10    10
     2     2   352   372    10    10
    -4    -3    70    90    20    10
     3     1   145   165    20    10
   -22    12   175   195    10    10
    -8    -8   111   131    10    10
     6     5   136   156    10    10
     7    19    10
   -19     7    10
    15   -16    10
     4    40     0
    33   -14     0
