     6    17   353   373    20    10
    25     0    90   110    10    10
    21   -17   325   345    10    10
   -14    14   189   209    20    10
   -18   -15   148   168    20    10
    -3    -4   349   369    10    10
     5    25   293   313    20    10
    -6     3   249   269    10    10
     4    10   123   143    20    10
    15    12   341   361    20    10
     2     4   205   225    20    10
    -7    -1   171   191    10    10
     3    18   258   278    20    10
   -12     0   222   242    20    10
    11    15   148   168    10    10
     9    14   198   218    10    10
   -10    14   325   345    10    10
    25     4   236   256    20    10
   -11   -12   283   303    20    10
    18     2   185   205    20    10
     6   -10   270   290    20    10
     6     8   300   320    10    10
     0     1   185   205    10    10
    19    23   163   183    10    10
    -5   -21   154   174    20    10
     2   -12   193   213    10    10
    11    -7   145   165    20    10
    16    14   325   345    20    10
     7    -1   277   297    10    10
   -15     3    76    96    20    10
    21    13    10
   -19    -6    10
     0   -24    10
    25    19     0
    24   -19     0
