     -1    -5    61    81    10    10
     0     0   329   349    20    10
    -1     0    85   105    10    10
    10    21   225   245    20    10
   -16   -12   235   255    20    10
     5    -1   189   209    20    10
     0    16   282   302    10    10
    -3    -6    97   117    10    10
    -1     0   221   241    20    10
    14    16   193   213    20    10
   -10    -6   318   338    10    10
    -2     2   286   306    10    10
     9   -11   201   221    10    10
    -3     0    83   103    10    10
     1     0   303   323    20    10
     8    19    10
    -2    20    10
   -21    -6    10
   -17   -16    10
    20   -12    10
    36    10     0
   -22   -26     0
    13   -29     0
