     5    -5   203   223    10    10
   -18    19   290   310    20    10
    17    -1   230   250    20    10
   -18    -3   338   358    10    10
   -16    -7   113   133    10    10
     1    -1   170   190    20    10
     2     1    82   102    20    10
    -8   -12   101   121    10    10
    15     0   298   318    10    10
     8     2   281   301    10    10
   -17   -23   245   265    10    10
    27     8   154   174    20    10
   -12    13   273   293    10    10
     9     8   175   195    10    10
    18   -17   286   306    10    10
   -10     5    86   106    20    10
    -1    22   270   290    20    10
    19    11   121   141    20    10
     6   -11   201   221    20    10
    12    25   184   204    20    10
     4   -16   291   311    20    10
   -14    -6   218   238    20    10
    -5   -25   151   171    10    10
   -24    -2   265   285    10    10
    13   -20    80   100    20    10
     8     9   281   301    20    10
     2     2   218   238    10    10
   -17   -21   161   181    20    10
     4    23   310   330    10    10
   -23     9   186   206    20    10
     9    13   179   199    20    10
     5    -1    85   105    10    10
    19   -19   195   215    10    10
   -16     4    96   116    10    10
    -2    -2   200   220    10    10
   -14    24   255   275    10    10
    29     6   217   237    10    10
   -19   -21   245   265    10    10
     0     1   350   370    20    10
    14     8    94   114    10    10
   -20     8    70    90    10    10
    16     8   296   316    20    10
     1    -7   126   146    20    10
   -14    14   298   318    20    10
    -6    -1   229   249    20    10
    -1   -18    71    91    10    10
   -13    12   109   129    10    10
    -5    20   269   289    10    10
    -8    -4   230   250    20    10
    -2    -3   138   158    10    10
   -11    -7   325   345    10    10
     9     4   221   241    10    10
    28   -10   274   294    20    10
    19    11   183   203    10    10
    -3    -2   140   160    20    10
    -3    28   151   171    20    10
     0     0   148   168    10    10
   -14   -21   235   255    10    10
    -9     2   258   278    10    10
    26    -8   181   201    10    10
    -4    -1   268   288    10    10
    -5    -7   272   292    10    10
    -1    17   253   273    20    10
     6    -5   171   191    20    10
   -20     8   331   351    10    10
    11    13   288   308    20    10
    -2    16   303   323    10    10
    -4   -28    95   115    20    10
   -27    10   101   121    10    10
     8    12   233   253    20    10
     7    20   262   282    10    10
     2    10   289   309    20    10
    18     2   198   218    10    10
     9    -4   120   140    10    10
    -7    15   231   251    10    10
   -10    18    69    89    20    10
     1    -2   217   237    10    10
    18     2   298   318    20    10
    -2    -7   267   287    10    10
   -13    -2   117   137    20    10
     4    -6   160   180    20    10
    -7    -2   103   123    20    10
   -18    14    92   112    10    10
    20   -19   232   252    20    10
    -6   -15    92   112    10    10
    -2     3   264   284    20    10
   -20    -8   336   356    20    10
    -5    14   256   276    20    10
    -7   -19   107   127    20    10
     6    15    92   112    10    10
    -2   -13   192   212    10    10
    -1    -5   264   284    20    10
    17    16   322   342    10    10
    18    -5   226   246    20    10
    18    -7   186   206    20    10
     0     1   324   344    10    10
    -4     5   283   303    10    10
     6   -19   156   176    20    10
    22    -3   178   198    10    10
   -11    13   129   149    10    10
    23     4    10
   -19   -16    10
     6   -23    10
   -15    35     0
     1   -33     0
