    -1    -2   203   223    10    10
   -17    11   290   310    20    10
    -6    -2   230   250    20    10
    -5    21   338   358    10    10
    11    18   113   133    10    10
    -7     4   170   190    20    10
    -1    18    82   102    20    10
     1     3   101   121    10    10
    -1    -6   298   318    10    10
   -24    15   281   301    10    10
   -11    18   245   265    10    10
   -21    -9   154   174    20    10
     4    -3   273   293    10    10
    14    12   175   195    10    10
    -7     1   286   306    10    10
    -1    -2    86   106    20    10
     1     4   270   290    20    10
    -2     1   121   141    20    10
    11    20   201   221    20    10
   -18    10   184   204    20    10
     2   -18   291   311    20    10
    -4    27   218   238    20    10
   -11    25   151   171    10    10
    17     6   265   285    10    10
    27    -4    80   100    20    10
    12     0   281   301    20    10
    30     0   218   238    10    10
   -12   -24   161   181    20    10
     0     4   310   330    10    10
   -12    10   186   206    20    10
     3     4   179   199    20    10
    24     5    85   105    10    10
    -3    -6   195   215    10    10
    16    16    96   116    10    10
     5     6   200   220    10    10
     6    22   255   275    10    10
    -7   -18   217   237    10    10
    -7    -3   245   265    10    10
   -14   -18   350   370    20    10
    -3    29    94   114    10    10
     5   -18    70    90    10    10
   -14     6   296   316    20    10
     7    21   126   146    20    10
    21    -3   298   318    20    10
     5    24   229   249    20    10
   -14     2    71    91    10    10
    18   -13   109   129    10    10
    -4     0   269   289    10    10
    -9    -9   230   250    20    10
     8    12   138   158    10    10
    16    19   325   345    10    10
     6     1   221   241    10    10
     0    -1   274   294    20    10
    -1     1   183   203    10    10
    -1    12   140   160    20    10
   -16    -7   151   171    20    10
    -9    17   148   168    10    10
     2     1   235   255    10    10
     0     6   258   278    10    10
   -20     0   181   201    10    10
    -1    15   268   288    10    10
    12     5   272   292    10    10
    -8     4   253   273    20    10
   -10    10   171   191    20    10
     2    -3   331   351    10    10
    -5    -2   288   308    20    10
    17    19   303   323    10    10
   -16    -7    95   115    20    10
     1     5   101   121    10    10
    13    -3   233   253    20    10
    -7     3   262   282    10    10
     1     0   289   309    20    10
    13     0   198   218    10    10
    -7    -2   120   140    10    10
    -2   -28   231   251    10    10
   -12    -1    69    89    20    10
    17    14   217   237    10    10
    15     8   298   318    20    10
    -9    -7   267   287    10    10
    -2    15   117   137    20    10
   -20    18   160   180    20    10
    -5    -2   103   123    20    10
   -12    26    92   112    10    10
    -6   -18   232   252    20    10
    -1    21    92   112    10    10
    20    -8   264   284    20    10
     0     0   336   356    20    10
    -5    -2   256   276    20    10
   -21     4   107   127    20    10
    -3   -13    92   112    10    10
   -20     3   192   212    10    10
   -22    -7   264   284    20    10
     0    -9   322   342    10    10
    -3   -10   226   246    20    10
   -23    -9   186   206    20    10
     8     0   324   344    10    10
   -20    -3   283   303    10    10
   -14   -25   156   176    20    10
     1     2   178   198    10    10
   -11    -6   129   149    10    10
    18    15    10
   -15    14    10
   -19    11    10
    -8   -23    10
    21    -9    10
    14    32     0
   -19   -24     0
    -5   -30     0
