    -7   -11   353   373    10    10
   -19     9   316   336    20    10
     6     0   126   146    20    10
    10    -1   140   160    10    10
     0    21   258   278    10    10
     3     0    98   118    10    10
     9   -28   124   144    20    10
    -5    -6    66    86    20    10
     8    19   311   331    20    10
   -16    -8   219   239    10    10
    -5    -1   295   315    20    10
   -21   -13    61    81    10    10
     4   -13   150   170    10    10
    13     3   241   261    20    10
    20    -7   111   131    10    10
     6     5   287   307    20    10
     2    -3   250   270    20    10
     7    -7   102   122    10    10
    10   -11   249   269    20    10
     5    13   278   298    10    10
    -6    -9   185   205    10    10
   -11    13   246   266    10    10
    -4    18   338   358    20    10
    -2    -5   266   286    10    10
   -23     1   214   234    20    10
     5   -24   110   130    10    10
   -16   -17   327   347    10    10
   -16   -13   297   317    20    10
   -11     0   183   203    10    10
    -6    -2    95   115    20    10
     4    24    10
   -21    11    10
   -25    -4    10
    20    -5    10
    40     3     0
    14    30     0
   -26    16     0
   -33   -16     0
    13   -32     0
    36    -8     0
