   -16     2    85   105    20    10
     2    -7   192   212    20    10
   -18    24   277   297    10    10
    15    -4   339   359    20    10
   -10   -16   145   165    20    10
     5   -16   151   171    20    10
    -8    16   342   362    20    10
     7    -7   176   196    20    10
   -16    13   211   231    10    10
    -3     2   107   127    10    10
    10    16   255   275    20    10
    -6    17   194   214    20    10
    -7   -23    80   100    10    10
    -7   -11    64    84    10    10
   -11   -17   135   155    10    10
    16    14    10
   -24    -3    10
     4   -21    10
    26    17     0
   -33   -13     0
