    -7   -11   141   161    10    10
   -19     9   279   299    10    10
     6     0   359   379    10    10
    10    -1    63    83    20    10
     0    21   236   256    20    10
     3     0   284   304    20    10
     9   -28   263   283    10    10
    -5    -6   104   124    20    10
     8    19   359   379    10    10
   -16    -8   331   351    10    10
    -5    -1   142   162    10    10
   -21   -13   117   137    10    10
     4   -13    73    93    20    10
    13     3   174   194    10    10
    20    -7   206   226    20    10
     6     5   105   125    20    10
     2    -3   249   269    20    10
     7    -7   359   379    10    10
    10   -11   220   240    20    10
     5    13   173   193    20    10
    -6    -9   160   180    10    10
   -11    13   352   372    10    10
    -4    18   126   146    20    10
    -2    -5   306   326    20    10
   -23     1   290   310    10    10
     5   -24   134   154    20    10
   -16   -17    95   115    10    10
   -16   -13   333   353    20    10
   -11     0    69    89    10    10
    -6    -2   173   193    10    10
    10    22    10
   -12    20    10
   -22    12    10
     2   -21    10
     9   -23    10
    33     6     0
   -31     2     0
    13   -34     0
