     4    -5   196   216    20    10
    -1     9   109   129    10    10
    -3    -5   342   362    10    10
     3    -3   307   327    20    10
    -3    -3   219   239    20    10
   -20    10   186   206    20    10
     0     1   221   241    10    10
     0     1   240   260    20    10
    -9    -1   305   325    20    10
    20    19   270   290    20    10
    20    -4   356   376    10    10
    21    16   240   260    10    10
    -2     9   223   243    20    10
    11    20   127   147    10    10
    -7    24    65    85    20    10
   -20    -3   202   222    10    10
    -6    -7   204   224    10    10
    15    21   222   242    10    10
    -4   -20    76    96    10    10
   -17    -9   324   344    10    10
    19   -12   137   157    10    10
    14     8   144   164    20    10
    11    17   153   173    20    10
     4     4   298   318    20    10
     2    -7   283   303    10    10
    14    16   208   228    10    10
    -1   -13   342   362    10    10
   -21    -6   160   180    10    10
    22    -3   198   218    10    10
    -2    26   217   237    10    10
   -21    15   135   155    10    10
   -11    22   125   145    20    10
     6    -5    92   112    10    10
     1     0   201   221    10    10
    -9   -25   359   379    10    10
    12   -25   274   294    10    10
    -8    26    91   111    20    10
    10   -16   120   140    10    10
   -10    12   271   291    20    10
    11    -4   122   142    20    10
    18    18   126   146    20    10
   -14     0   336   356    20    10
    19    13    85   105    10    10
     6   -14   149   169    20    10
     3     0   137   157    10    10
    19     6   157   177    10    10
     6    14   210   230    20    10
    -7     2   200   220    10    10
    18    11   300   320    20    10
    11   -15   142   162    20    10
    21     9    10
   -14    16    10
   -15   -15    10
    11   -17    10
    28    20     0
   -13    34     0
   -26    29     0
   -26   -23     0
    14   -32     0
    30   -10     0
