      6   -15   300   320    10    10
    -4    -3   225   245    20    10
    25     1   146   166    20    10
    -1   -18   224   244    10    10
   -13     3   159   179    10    10
    15   -13   178   198    20    10
   -15   -21   347   367    20    10
    16    17    72    92    20    10
    -1     0   332   352    20    10
   -10   -21   172   192    20    10
   -19    11   346   366    20    10
    -2    -2    79    99    10    10
     2     3   300   320    10    10
    24    12   357   377    10    10
    -2     0   219   239    20    10
   -14     3   126   146    20    10
    -2    24   243   263    20    10
   -10    12   226   246    10    10
    14    -9   204   224    10    10
   -10     9   249   269    10    10
    -6     2   266   286    10    10
    -1    -1   242   262    20    10
     1    -1   234   254    10    10
   -11    23   173   193    20    10
   -17     5   234   254    10    10
   -18   -17   175   195    10    10
     7   -10    63    83    20    10
    26    13   345   365    10    10
     3     0   202   222    20    10
     1     1   128   148    20    10
    11    -1   305   325    10    10
    10     3   259   279    10    10
   -20    17   247   267    10    10
    19     2    74    94    20    10
    15   -10   157   177    20    10
    14   -22    95   115    10    10
     0    27   298   318    20    10
    -6    -7   281   301    20    10
   -17    11   237   257    20    10
    15     6   245   265    10    10
    10    25   268   288    10    10
    -4   -12   247   267    20    10
    21    14   311   331    20    10
    11    -8   246   266    20    10
   -14     1   184   204    20    10
    13   -22   331   351    10    10
     1     1   328   348    20    10
    20   -16   111   131    20    10
     6   -20   321   341    10    10
    -2     2    83   103    20    10
     0   -28   245   265    20    10
   -27   -11   160   180    20    10
     5   -12   132   152    20    10
     3     0   176   196    20    10
    -6    21   167   187    10    10
    19    20   252   272    10    10
     1     0   176   196    10    10
    -4     5   138   158    10    10
    -3    -1   169   189    10    10
     8    21   216   236    10    10
     4     7   157   177    20    10
     2    -1   282   302    20    10
    -7    -4   136   156    10    10
    -7     3   283   303    10    10
    -7    11   245   265    20    10
   -22     0   337   357    10    10
   -22     7   186   206    20    10
     0     3   313   333    20    10
    -1     4   316   336    10    10
     8     3   181   201    10    10
     9   -11   208   228    20    10
   -14    -4   233   253    10    10
    -2     7    80   100    20    10
    -1     5   271   291    20    10
     7   -16   291   311    20    10
    -3    10   164   184    10    10
     9   -26   110   130    20    10
   -15    17   274   294    20    10
    -9     9   251   271    10    10
    -1     4   252   272    20    10
    11    10   176   196    20    10
    -6   -15    99   119    20    10
    -2    15    70    90    10    10
    20   -14   201   221    10    10
     9     8   278   298    10    10
   -28    10   328   348    10    10
    -6   -12   321   341    10    10
   -20   -15   303   323    20    10
     2    -2   172   192    20    10
    -9     9   246   266    10    10
     9   -22   204   224    20    10
     6   -27    72    92    10    10
    -1     0   106   126    20    10
    -2     1    76    96    10    10
    -2    -4    70    90    20    10
    -5     3   170   190    20    10
   -17     1   347   367    20    10
   -27    -1   205   225    20    10
    -3   -27    63    83    20    10
     0     0   144   164    20    10
     2    20    10
   -11    18    10
   -23    -2    10
    20    -6    10
    28    19     0
    14    33     0
   -38     8     0
   -30   -27     0
     7   -33     0
    29   -14     0
