    -2    -1   217   237    10    10
    14   -15   294   314    20    10
   -21    -7   106   126    10    10
   -15    -2   209   229    20    10
    -7    -4   162   182    20    10
    11    23    74    94    20    10
    -7     5   153   173    20    10
     2    -2   240   260    20    10
    -2   -19   283   303    20    10
     0     5   223   243    10    10
   -10    13   142   162    20    10
     4     2   297   317    10    10
     1     0   267   287    20    10
    12     1    94   114    10    10
     4    -2   230   250    10    10
     3    -2   317   337    20    10
   -13   -17   138   158    20    10
     6   -22   244   264    10    10
    13     6   226   246    10    10
    15    13   291   311    20    10
   -15   -24   191   211    10    10
    -6    11   358   378    20    10
   -25    10   271   291    10    10
   -26   -13    71    91    20    10
    -3    -7   188   208    10    10
    22    12   198   218    20    10
   -15    -4   199   219    20    10
    -8     7   104   124    10    10
   -18    23   226   246    10    10
    -5     4   267   287    10    10
     8    -5   263   283    20    10
    11    16    79    99    10    10
   -20    11   271   291    10    10
    -2    -2    93   113    20    10
   -12    21   226   246    10    10
    14     9   297   317    10    10
    23    -4   162   182    20    10
   -14     5   131   151    20    10
    11     0   132   152    20    10
    -1     5   360   380    10    10
    -9    -8    85   105    10    10
    15   -12    87   107    10    10
    -7   -19   329   349    20    10
     7    -9   269   289    20    10
   -10   -12   315   335    10    10
    -3    -7   253   273    10    10
     4     1   179   199    20    10
     8     6   358   378    20    10
     0     1   224   244    20    10
     0     0   171   191    10    10
    16    15    10
   -18    18    10
   -23    -8    10
   -13   -17    10
    19    -9    10
    28    17     0
   -34    21     0
    -2   -30     0
