   -12    10   245   265    10    10
   -11   -27   167   187    10    10
    18    -9   151   171    10    10
     0     0   251   271    20    10
   -10    13   157   177    20    10
   -10     6   258   278    20    10
    -9    10   247   267    20    10
     0    10   357   377    20    10
    -6    -9   115   135    10    10
    -9     8   310   330    10    10
   -23     6   276   296    20    10
   -10     4   274   294    10    10
    -1   -12   287   307    10    10
   -17   -16   184   204    10    10
     8   -16   288   308    20    10
    22     1    10
   -12    16    10
    -9   -22    10
     9   -18    10
    32    11     0
    -3    35     0
   -33     0     0
   -31    -1     0
    -9   -32     0
    25   -17     0
