    -6    16    89   109    20    10
   -19     6   190   210    10    10
     1     0   267   287    20    10
     3     7   139   159    10    10
     2     1   172   192    10    10
   -10   -19   169   189    10    10
   -23     5   123   143    20    10
    21    11   275   295    20    10
     2    -2   209   229    20    10
    -8    13    61    81    20    10
   -19    -2   336   356    20    10
     1     0   326   346    10    10
   -21    -8   130   150    20    10
    10     1    60    80    10    10
    23    15    61    81    20    10
    25     4    10
   -17    12    10
    18   -12    10
   -34    18     0
    27   -17     0
