     1    -1   206   226    20    10
    11    -9   212   232    10    10
    20     7   161   181    10    10
    -4   -12   259   279    20    10
    -2    -4   235   255    10    10
   -10     5   304   324    10    10
    -5     8   152   172    20    10
    21    16   310   330    10    10
   -25    -6   140   160    20    10
    17    11   136   156    10    10
     8     8    99   119    20    10
   -10     1   116   136    10    10
     1     3   273   293    20    10
    10     4    61    81    20    10
   -18   -16   201   221    10    10
     1   -13   102   122    10    10
    24    -4   328   348    20    10
    11   -26   283   303    20    10
    -7    23   195   215    10    10
    -1     2    82   102    20    10
     8     9   138   158    10    10
   -28    -8   301   321    10    10
   -11    11   278   298    10    10
    -7    -2   261   281    20    10
   -18     9   264   284    20    10
   -21   -17   103   123    20    10
     9    21   315   335    10    10
    11    10    67    87    10    10
    -8     5   272   292    20    10
    20    -3   103   123    10    10
    -9   -17   341   361    10    10
   -18   -20   241   261    20    10
    22    -4   111   131    10    10
    -9   -13   121   141    10    10
     2    -7   260   280    20    10
     9    -8   359   379    10    10
     3   -22    84   104    20    10
     9     9   104   124    10    10
    11    -3   232   252    10    10
   -19    14   205   225    10    10
     0     0   305   325    20    10
     1    -3   197   217    20    10
    -7     0   264   284    20    10
     3    -8   182   202    20    10
     3    -2   262   282    20    10
   -10     8   151   171    20    10
     1     0   183   203    10    10
    -2     4   177   197    10    10
     9    26   261   281    10    10
    -8     1   181   201    20    10
    24     4    10
   -24     3    10
   -22    -7    10
     4   -22    10
    32    15     0
     6    39     0
   -31     7     0
   -33    -3     0
   -10   -38     0
    19   -29     0

