      0     0   282   302    20    10
    -5    11    71    91    20    10
    -7     4   124   144    20    10
    13   -17   354   374    10    10
     3     1   343   363    20    10
     1     1    86   106    20    10
   -26    12    69    89    20    10
    14   -15   246   266    20    10
   -20    21   291   311    10    10
     2   -12   239   259    10    10
    14   -15   144   164    10    10
     0     0   115   135    10    10
    -1    -1   111   131    20    10
    17     1   108   128    10    10
    -2    -2   155   175    10    10
    16    19    10
    -7    21    10
   -20    -6    10
     3   -23    10
     9   -20    10
    38     2     0
   -29     8     0
    -5   -30     0
