    12    -5    62    82    10    10
    28    -3   118   138    20    10
    12    -9   246   266    10    10
    -6    -3    93   113    10    10
    -1    19   274   294    20    10
    12   -11   216   236    20    10
    -5    -4   355   375    10    10
     3    14   136   156    20    10
    14   -21   146   166    20    10
    12    -6    85   105    20    10
   -17     1   339   359    10    10
    11     7   237   257    20    10
    17    11   200   220    20    10
    12    10   175   195    20    10
    -3    -8   247   267    20    10
    -8    -4   188   208    20    10
    -2     3    74    94    10    10
    29    -7   164   184    10    10
    -2   -15    68    88    20    10
    -9    -5   335   355    10    10
     6   -22   186   206    20    10
   -16     1   102   122    20    10
     0     0   163   183    20    10
   -22     4   229   249    20    10
   -29     3   195   215    20    10
    11    12   305   325    20    10
    11     9   300   320    20    10
     3     0   203   223    10    10
     0     0   257   277    20    10
    -3    -7   281   301    20    10
     1    23    10
   -22     2    10
   -21    -7    10
    17   -12    10
    31    12     0
   -12    28     0
   -28    28     0
   -27   -26     0
     5   -34     0
    32    -7     0
