   -28     4   212   232    10    10
     4    -3    93   113    20    10
    -6   -23   350   370    10    10
    11     1   291   311    10    10
    15   -13   129   149    20    10
    15    -8   288   308    10    10
    21    11   313   333    20    10
    13     2   171   191    20    10
    -5    22   133   153    20    10
     1    -2   147   167    20    10
    24   -15   289   309    10    10
    -3    14   331   351    20    10
     2    15   323   343    10    10
    23   -11   109   129    10    10
    10    -1   122   142    20    10
   -11    14   286   306    10    10
    22    -7    94   114    10    10
    -9    -1   182   202    10    10
    -1    -3   320   340    20    10
    -1     8   242   262    20    10
     0     1   292   312    10    10
     3    -5    74    94    10    10
    21    -7   276   296    10    10
   -12     3   227   247    10    10
   -19    16    61    81    20    10
    29     3   175   195    10    10
     2     6   191   211    20    10
    -3   -19    68    88    10    10
     9    18    83   103    10    10
    20    -4    72    92    10    10
    -1     6    85   105    20    10
     9     7   201   221    20    10
     1   -10   214   234    20    10
    -9     9   315   335    20    10
    -4     4   101   121    20    10
     3    -2   340   360    10    10
    -4    -4   209   229    20    10
    -9    -9   228   248    20    10
    25     3   311   331    20    10
   -19    -5   176   196    20    10
    -4     0   250   270    20    10
    -2    -6   157   177    10    10
    24   -13   306   326    20    10
    -2    -1   331   351    20    10
   -22    17   354   374    10    10
    12    23    66    86    10    10
    22     1    81   101    20    10
    -4    -1   246   266    10    10
    -8     9   191   211    10    10
     2     1   177   197    10    10
    -1     5   125   145    10    10
    12     1   216   236    10    10
   -16    -9   180   200    20    10
    16    -6   355   375    10    10
    13   -25    87   107    10    10
   -10     5    77    97    10    10
    -1    28   292   312    10    10
   -20   -22   332   352    10    10
    -8   -20   251   271    10    10
    23     9   221   241    20    10
   -12    -2   134   154    20    10
    -5     9   177   197    20    10
     7   -11    94   114    10    10
    22    -1   171   191    20    10
   -24     9   342   362    10    10
    -2     0   113   133    20    10
     7     7   248   268    20    10
    21     1    87   107    20    10
     1    -1   153   173    20    10
    -2    -6   272   292    20    10
     3     6   347   367    20    10
    -3    -1   122   142    20    10
   -22    11   177   197    20    10
     0   -20   101   121    20    10
   -12    16   269   289    20    10
    -2    -5   322   342    20    10
   -16     3   169   189    20    10
   -10     3   103   123    10    10
    -1    -4   277   297    10    10
     8     0   166   186    10    10
    27    -4   182   202    10    10
    -7    -8   228   248    20    10
     7    -6   350   370    10    10
    -1     0   157   177    20    10
   -14     0   322   342    20    10
     5     1   307   327    10    10
     3     2   207   227    20    10
   -11   -13   344   364    10    10
    14    12   297   317    10    10
    -6    26   127   147    20    10
    27     4   326   346    10    10
     1    22   304   324    20    10
   -16    21   256   276    10    10
     5    -8   352   372    20    10
     3   -26   358   378    10    10
    -3     3   254   274    20    10
    18    24   225   245    10    10
     6    -4    91   111    10    10
    10   -27   332   352    10    10
    -8    13   313   333    10    10
     1    21    10
   -19    13    10
     5   -22    10
   -27    19     0
    31   -10     0
