   -13   -10   180   200    20    10
     7   -13    70    90    20    10
     4    -1    85   105    20    10
    -2     2   340   360    20    10
   -11    -8   172   192    20    10
     8     0   226   246    10    10
    -2    -2   210   230    10    10
     5     7   338   358    10    10
   -17    10   155   175    20    10
    24    -3   215   235    10    10
   -11     2   155   175    10    10
     1     0   291   311    20    10
   -17    10   123   143    10    10
     8    -3   129   149    20    10
   -25    -1    81   101    10    10
   -11     7   119   139    20    10
   -17    22    64    84    10    10
     0     9   350   370    20    10
    10    -3   208   228    20    10
   -12    -7   247   267    20    10
    26    14    90   110    10    10
    13    18   179   199    10    10
    23    -9   349   369    10    10
     0    -1   235   255    10    10
     3     8   270   290    10    10
   -28     4    69    89    10    10
     0     1   336   356    20    10
   -10    21   112   132    20    10
     1    -7   157   177    10    10
    -3    11   255   275    20    10
    13   -16   155   175    20    10
     2    -1   201   221    20    10
     1     0   127   147    20    10
   -18   -14   285   305    10    10
     4    -4    74    94    20    10
    10   -26   359   379    20    10
    18     1   300   320    20    10
    25    12   353   373    10    10
    22     6   178   198    20    10
    30    -1    99   119    20    10
    -4    19    82   102    20    10
   -14   -18   227   247    20    10
    -7     5   197   217    10    10
    -1    12   228   248    20    10
   -10    -9    88   108    10    10
    -2     5   285   305    20    10
     6     4   241   261    10    10
    -5   -23   276   296    10    10
    -8   -26   176   196    20    10
     0     0   141   161    20    10
    23     1    10
   -24     5    10
    10   -18    10
   -24    21     0
    26   -22     0
