   -14     1   150   170    10    10
     3     2    81   101    10    10
    -4    -7   179   199    10    10
     1     3   316   336    10    10
    -2    -4   252   272    10    10
     5    -5   102   122    20    10
     5    -2   194   214    20    10
    12   -18   174   194    10    10
    -1    -3   194   214    10    10
   -29    -3   197   217    20    10
     4    -3   186   206    10    10
    -4     5   293   313    10    10
    -7    -9   123   143    20    10
    -9     6   108   128    20    10
   -21    20   342   362    20    10
    14   -25   306   326    10    10
     2     6    73    93    10    10
   -27   -12   120   140    20    10
    -6    13   339   359    20    10
    10    -1   231   251    20    10
   -28     6   160   180    20    10
    -3    -4   208   228    20    10
    -1     0   251   271    10    10
     2     2   269   289    20    10
    18    -7   271   291    10    10
     1    -4   328   348    10    10
    -9   -11    69    89    20    10
    13    -8   240   260    10    10
   -25     0   143   163    20    10
    -6    -2   359   379    10    10
    21     7    10
   -14    17    10
   -22    -2    10
   -14   -16    10
    12   -16    10
    33    18     0
   -24   -31     0
    -2   -36     0
