    -4     8    62    82    20    10
     1     1   193   213    10    10
    -5   -20   145   165    10    10
    -4   -20   142   162    20    10
    13   -18   164   184    10    10
   -21    -1   167   187    20    10
   -14     4   224   244    10    10
     8   -12   319   339    20    10
    15   -16   258   278    10    10
   -13     9   207   227    10    10
    -8     0   248   268    10    10
   -18   -11   348   368    20    10
     1    -6   308   328    20    10
    -5    -1   156   176    10    10
    -8   -22   284   304    10    10
    -9   -14    99   119    20    10
     6    -1   149   169    20    10
     6    -6   298   318    10    10
    -4    -4   102   122    10    10
     0    10   243   263    10    10
    -6    11   271   291    20    10
     2     8   157   177    20    10
    17    10   310   330    10    10
   -22     7   126   146    20    10
   -16   -22   135   155    20    10
     0     0    88   108    20    10
    -2     1   118   138    10    10
    -4   -28   231   251    10    10
    24     2   351   371    20    10
    -6   -10   262   282    20    10
    23     6    10
   -22    11    10
     3   -24    10
   -33    20     0
   -22   -33     0
