    -11   -13   103   123    10    10
     1    17   178   198    20    10
   -14   -23   264   284    10    10
    11    -3   295   315    20    10
    18   -20   325   345    20    10
     2   -24   354   374    10    10
     0    -1   281   301    10    10
    -3     6   272   292    20    10
    13     1    93   113    10    10
    -4    -3   230   250    20    10
     3   -22   202   222    10    10
   -12     9   342   362    10    10
     2     0   195   215    10    10
   -22     9   264   284    20    10
     9    -2   105   125    10    10
     2     5   242   262    10    10
   -16   -20   162   182    10    10
     5     2   311   331    10    10
   -10    12   188   208    20    10
     3     9   332   352    10    10
     1    25   126   146    20    10
    18    -8   275   295    20    10
    12     8   228   248    20    10
    -4   -22   150   170    20    10
    11    -8   273   293    10    10
    -4    -3   170   190    10    10
     2    -2   236   256    20    10
   -17    16   271   291    10    10
    17    -1   300   320    20    10
     0     0   169   189    10    10
   -12    25   210   230    20    10
   -25    -3   259   279    20    10
   -22   -16    72    92    20    10
   -14     1    66    86    20    10
   -19   -13   196   216    20    10
    -3    -3   228   248    20    10
    24    -6   280   300    10    10
    13     4   233   253    20    10
    -9   -13   342   362    10    10
     8   -15   295   315    20    10
    24   -16    93   113    10    10
     8     1   171   191    20    10
     4   -18   354   374    10    10
     0     0   334   354    10    10
     0     2   218   238    10    10
     5    -7    71    91    20    10
    25     1   154   174    10    10
   -13    -2   340   360    10    10
   -12     9   255   275    20    10
    -7   -17   266   286    20    10
    -2     0   233   253    10    10
     3     8   178   198    20    10
     0     0   252   272    20    10
     9   -21    93   113    10    10
    12    24   210   230    10    10
     5     7   243   263    20    10
    12     2   163   183    10    10
     8     6   344   364    10    10
     5    -9    90   110    20    10
     5     2   313   333    20    10
    -7     4   204   224    10    10
   -21    14   323   343    10    10
     8   -10   313   333    20    10
     5    -8   209   229    20    10
    10    17   309   329    20    10
     4     1   307   327    20    10
    -2    -1   318   338    20    10
     9     4   150   170    20    10
   -20     7   184   204    10    10
     4    11    95   115    10    10
   -12   -14    97   117    10    10
   -24    14   207   227    20    10
   -11    -2   269   289    20    10
   -12     9   270   290    10    10
   -17    -4   249   269    10    10
    14    10    62    82    20    10
     1     4   287   307    20    10
     1    -1   154   174    20    10
    10    -1   237   257    20    10
     0     0   265   285    20    10
    -4    19   206   226    10    10
     6    22   259   279    10    10
   -17    13   247   267    10    10
    -2    -4   185   205    20    10
     9   -12   293   313    20    10
    -8     6   254   274    20    10
    -4    27   340   360    10    10
   -14   -15   173   193    10    10
    21   -11   270   290    20    10
    -1    -2   210   230    20    10
    -9   -27   214   234    10    10
    18    -7   113   133    10    10
     4   -25   270   290    20    10
    -8   -16    63    83    20    10
     0   -12   152   172    20    10
    10     6    82   102    10    10
    -1     0   294   314    20    10
    12     7   270   290    20    10
     5    -4   188   208    10    10
    -9   -27   102   122    10    10
     4    21    10
   -17    16    10
    -4   -24    10
    19   -16    10
    28    18     0
   -10    32     0
   -21    34     0
   -20   -28     0
    17   -34     0
    29   -11     0
