    -4     0   212   232    10    10
     2     1    93   113    20    10
     2     8   350   370    10    10
   -15     0   291   311    10    10
    -4    -2   129   149    20    10
    -3    12   288   308    10    10
   -18    14   313   333    20    10
   -15     7   171   191    20    10
     6    18   133   153    20    10
    -6     8   147   167    20    10
    -7   -20   289   309    10    10
    -3     5   331   351    20    10
     0    -3   323   343    10    10
   -15     2   109   129    10    10
    12    -7   122   142    20    10
   -16    16   286   306    10    10
    -5    -3    94   114    10    10
    13    18   182   202    10    10
   -17   -15   320   340    20    10
     2    17   242   262    20    10
    -6    -3   292   312    10    10
   -14    -5    74    94    10    10
   -10    -2   276   296    10    10
   -14     4   227   247    10    10
   -21     9    61    81    20    10
    22     0   175   195    10    10
    20     1   191   211    20    10
    21    -3    68    88    10    10
    -1    18    83   103    10    10
   -11    10    72    92    10    10
   -21     4    85   105    20    10
    -9    -1   201   221    20    10
     6    -5   214   234    20    10
   -14   -10   315   335    20    10
     6   -12   101   121    20    10
     1     0   340   360    10    10
   -15    10   209   229    20    10
    11    -2   228   248    20    10
    14   -12   311   331    20    10
    29     6   176   196    20    10
   -21    -1   250   270    20    10
     0   -11   157   177    10    10
    11   -10   306   326    20    10
    -4     8   331   351    20    10
    13     1   354   374    10    10
   -27     3    66    86    10    10
     6   -15    81   101    20    10
    15    16   246   266    10    10
     1     7   191   211    10    10
   -29     7   177   197    10    10
    25   -14   125   145    10    10
    -7   -13   216   236    10    10
   -17     5   180   200    20    10
     7    20   355   375    10    10
    10    14    87   107    10    10
   -25   -14    77    97    10    10
     0     0   292   312    10    10
     3    -6   332   352    10    10
   -12    -3   251   271    10    10
    -2     2   221   241    20    10
   -15    -2   134   154    20    10
    -5    -2   177   197    20    10
    -3   -13    94   114    10    10
     3   -14   171   191    20    10
    -5    -9   342   362    10    10
    15    11   113   133    20    10
     0     4   248   268    20    10
   -17    17    87   107    20    10
   -14    17   153   173    20    10
    12    11   272   292    20    10
     3    11   347   367    20    10
     4   -14   122   142    20    10
     2    16   177   197    20    10
    -9   -16   101   121    20    10
   -27     7   269   289    20    10
    -8    17   322   342    20    10
   -27    -6   169   189    20    10
   -20   -17   103   123    10    10
     1     8   277   297    10    10
    -2    12   166   186    10    10
    -2    -1   182   202    10    10
    11     6   228   248    20    10
    -5     2   350   370    10    10
   -28     6   157   177    20    10
    24    -1   322   342    20    10
     1    -1   307   327    10    10
     1    15   207   227    20    10
     0     0   344   364    10    10
   -12    -1   297   317    10    10
     3     0   127   147    20    10
   -16    18   326   346    10    10
    -4   -15   304   324    20    10
     4     2   256   276    10    10
    24   -10   352   372    20    10
    -1    -2   358   378    10    10
    -6   -12   254   274    20    10
    -3     2   225   245    10    10
     0    16    91   111    10    10
    -4    10   332   352    10    10
    -9    -4   313   333    10    10
    20    14    10
     5    22    10
   -21   -12    10
   -14   -19    10
    21   -10    10
    29    13     0
   -23    21     0
     9   -34     0
