     2   -22   141   161    20    10
    -2     1   150   170    10    10
    -3    -7   279   299    20    10
     1   -18   357   377    20    10
     2    -1   148   168    20    10
    -4    10   129   149    10    10
     5     1   222   242    10    10
    24     8   268   288    20    10
    21     1   356   376    10    10
   -12   -24   353   373    20    10
    11    26   145   165    10    10
    26   -11   205   225    10    10
    -2   -26   124   144    20    10
     5    -4   120   140    10    10
     5     1   297   317    20    10
     9    -1   142   162    20    10
    24   -11   328   348    10    10
     4   -10   202   222    20    10
   -15   -13   124   144    10    10
    13   -18   328   348    10    10
   -11    -8   194   214    10    10
     8    -6   224   244    20    10
     3    28    67    87    20    10
   -13     9   252   272    20    10
     2     7   302   322    10    10
   -14     1   273   293    20    10
    -1   -17   223   243    20    10
     4    -1   337   357    10    10
     0    -4    61    81    10    10
    25    -9   116   136    10    10
    -8   -20    82   102    10    10
   -16     2   337   357    10    10
    14    21   149   169    10    10
     0     0   238   258    10    10
   -15    -2   223   243    10    10
    -6   -18   168   188    20    10
     3     8   323   343    10    10
    18    20   204   224    20    10
     0   -13   285   305    20    10
   -17    18   148   168    20    10
    21   -20    99   119    10    10
   -20    13   336   356    10    10
    16    21   108   128    20    10
    -5     2    61    81    10    10
   -14    -5   200   220    20    10
    10     0   108   128    10    10
    16    -7   137   157    10    10
     3     5   336   356    20    10
    21    21   273   293    10    10
     1    11   162   182    10    10
     8    23    10
    -2    22    10
   -20     1    10
   -13   -17    10
    12   -19    10
    -8    34     0
   -30    -4     0
    25   -21     0
