!----------------------------------------------------------------
!Trucks: (total #, capacity, cost per distance, fixcost)
5,528,1,0
!----------------------------------------------------------------
!CityFreighters: (max cf/sat, total #, cap, cost/dist, fixcost)
32,32,70,1,0
!----------------------------------------------------------------
!Stores: (first: depot x,y; then: satellites x,y)
67,67   1,13   46,4   2,3   13,19   3,37
!----------------------------------------------------------------
!Customers: (x,y,demand)
31,6,18   36,20,17   9,19,14   47,42,11   28,20,15   38,43,16   41,4,11   36,30,12   4,10,14   43,16,19   33,45,17   39,30,16   6,40,20   50,20,13   48,14,11   34,34,17   49,3,17   26,14,19   28,44,12   21,38,13   34,11,20   41,32,14   44,46,13   27,48,16   2,36,13   34,32,16   50,27,18   36,26,14   16,17,13   8,10,11   45,28,16   49,11,19   28,10,20   9,10,16   39,50,19   33,31,14   20,8,16   39,48,18   29,3,11   43,32,19   34,9,12   42,40,16   25,49,20   27,4,12   29,37,12   28,32,13   42,8,12   18,22,18   20,33,20   28,48,20   35,19,15   49,36,12   49,35,16   25,25,15   6,5,12   6,24,18   38,28,15   24,27,13   49,48,17   7,44,15   18,44,20   45,46,14   23,15,15   17,47,17   47,18,13   5,18,12   5,47,17   41,47,19   5,2,16   24,49,20   32,46,11   48,43,13   20,35,17   20,38,19   9,29,15   29,2,18   26,20,12   26,11,16   16,26,16   34,43,16   1,2,13   48,14,19   34,44,20   41,32,20   41,13,18   46,7,20   7,34,14   8,34,20   9,11,18   3,15,13   35,9,20   1,11,15   17,34,15   20,42,15   46,30,14   9,43,17   45,8,20   45,31,18   50,37,19   38,39,18

