     0     9   251   271    20    10
    21    -9   224   244    10    10
     0     7   200   220    10    10
   -25    -2   260   280    10    10
    -8    15   241   261    10    10
    -1    -6   150   170    10    10
    -3    26    81   101    20    10
    24     0    55    75    20    10
     1     0   226   246    10    10
     0     0    68    88    20    10
    -4   -20   233   253    20    10
    -3     2    54    74    10    10
    -1    -2    23    43    20    10
    16   -24   170   190    10    10
    -1     1   205   225    10    10
     2    24    10
    -5    22    10
   -19   -10    10
     5   -23    10
    29    24     0
    -2    36     0
   -30    14     0
   -21   -24     0
    13   -30     0
    32    -8     0
