     0   -19    82   102    10    10
   -12    -6   116   136    10    10
    -5   -18   131   151    10    10
     1    -1   186   206    20    10
     9     9    72    92    20    10
     2     1   155   175    10    10
    -1     7   246   266    20    10
    13    10   177   197    20    10
    14    -8    78    98    10    10
     3   -20    71    91    10    10
    -5    -2   139   159    10    10
   -14    15   236   256    20    10
    22     2    10
    -6    20    10
   -18    -9    10
    19    34