    -2    -7   156   176    10    10
   -18    -2    66    86    20    10
    16   -13    65    85    20    10
     2     7   135   155    20    10
    -7    -3   221   241    10    10
    21    13    99   119    10    10
    -3     9   192   212    20    10
     0     0   218   238    10    10
    -5     9    99   119    20    10
    12     9   139   159    10    10
    -2    16   208   228    20    10
     1    24   116   136    10    10
    21     7    10
   -22    12    10
    35     4     0
