     9    11   114   134    20    10
    -3    11   219   239    10    10
    -7   -21   121   141    20    10
    -1     2   121   141    10    10
   -10   -13    92   112    10    10
     7     9    59    79    10    10
   -11    11   187   207    10    10
    -4   -26   177   197    20    10
    -5    -2   155   175    20    10
     9   -28   183   203    20    10
    -6   -21   249   269    10    10
     6     4   175   195    10    10
    23     2    10
    -1    21    10
    28    22     0
