    11     0   126   216    20    10
    18    21   290   380    20    10
    -1    -3    96   186    20    10
   -23    -7   253   343    20    10
   -22     9   326   416    20    10
    -1    24    63   153    10    10
   -20    -3   271   361    20    10
     1    10   297   387    10    10
     6    25    94   184    20    10
    -8   -22   111   201    10    10
     2    -4   299   389    20    10
    27    10   110   200    20    10
    23     6    10
    -6    21    10
    -1    35     0
