     6    -8    61   151    20    10
   -11    26   164   254    10    10
    -6    20   333   423    10    10
     2    19   125   215    10    10
    -2    20   122   212    10    10
    11     2   265   355    10    10
    19    -6   116   206    10    10
     8    13   154   244    20    10
   -15    -8   289   379    20    10
    -8   -18   180   270    10    10
     4     1   326   416    20    10
   -12    -5    83   173    10    10
    16    13    10
   -17    18    10
    12    28     0
