!----------------------------------------------------------------
!Trucks: (total #, capacity, cost per distance, fixcost)
5,1034,1,0
!----------------------------------------------------------------
!CityFreighters: (max cf/sat, total #, cap, cost/dist, fixcost)
30,30,150,1,0
!----------------------------------------------------------------
!Stores: (first: depot x,y; then: satellites x,y)
67,67   9,18   7,39   22,18   30,22   43,28   46,6   3,39   46,36   38,26   34,33
!----------------------------------------------------------------
!Customers: (x,y,demand)
4,24,18   17,17,13   22,22,17   19,10,18   17,28,18   24,20,15   11,15,16   7,19,12   9,19,14   24,6,11   1,17,12   20,8,17   7,10,17   15,8,12   7,19,18   9,9,17   12,24,12   8,24,16   22,13,19   7,8,20   19,15,14   22,4,15   15,28,17   18,13,13   19,21,20   2,15,16   23,8,18   8,9,19   23,11,15   11,16,18   24,20,12   10,27,16   16,16,18   20,28,16   5,27,17   18,22,15   17,11,12   1,1,20   4,23,14   23,7,20   16,27,19   13,18,13   2,3,12   10,25,18   6,9,15   11,26,13   19,24,17   8,2,12   13,21,13   22,25,20   14,15,17   13,12,12   2,27,12   12,28,17   18,11,17   14,27,16   15,16,17   9,1,15   8,28,20   9,12,15   6,18,16   10,3,15   22,23,13   5,26,16   15,9,11   6,19,18   21,25,11   18,16,14   7,22,13   23,23,16   25,22,18   24,5,15   24,28,14   22,14,15   13,16,14   21,4,11   12,22,12   3,1,11   17,26,15   11,16,14   24,4,20   14,22,20   23,9,17   16,9,14   1,10,18   26,18,13   21,14,16   16,10,18   17,17,16   1,2,16   18,23,14   22,2,17   4,10,15   6,28,15   15,28,13   21,22,20   8,3,12   8,24,11   25,20,11   2,16,15   26,29,20   36,45,20   34,41,12   41,43,19   32,46,12   47,27,13   29,33,16   49,49,17   30,46,16   33,38,12   31,32,13   38,29,19   30,27,11   47,49,19   33,33,16   31,49,11   38,49,11   44,26,11   46,46,17   35,30,15   29,27,17   30,31,11   31,31,19   26,34,12   30,47,17   48,36,12   37,46,18   30,30,16   44,31,19   42,32,18   37,28,17   45,50,16   32,27,15   34,34,17   38,29,16   44,44,17   30,24,20   48,35,13   37,30,18   36,44,14   33,26,20   32,47,13   31,48,19   49,25,19   41,36,12   47,37,20   49,38,20   41,47,11   48,36,17   39,49,11   25,36,17   48,44,17   50,50,20   41,44,14   40,36,13   45,27,15   36,26,12   46,28,11   40,38,18   27,38,15   31,44,16   41,31,15   39,36,14   30,40,19   40,38,16   42,32,17   50,43,15   37,40,19   42,39,11   48,43,18   35,40,18   31,35,13   27,40,20   43,50,15   46,27,17   39,37,20   43,30,17   25,46,13   30,33,20   34,25,20   29,27,15   44,31,17   32,45,11   39,36,11   30,34,12   32,27,13   47,49,19   33,33,15   36,33,13   50,31,14   33,42,11   39,34,14   42,24,19   50,38,12   25,30,17   33,45,20   29,48,13   49,48,12   47,49,14   39,28,20

